0;12;[5]
0;2;[6,0,5]
0;1;[4,0,3]
0;11;[5]
0;7;[16,3,15]
0;8;[17,3,18]
0;15;[7,16,3]
0;18;[8,3,17]
1;8;[3,17,18]
1;11;[5]
1;1;[3,0,4]
1;2;[0,6,5]
1;7;[16,3,15]
1;12;[5]
1;18;[3,17,8]
1;15;[3,16,7]
2;18;[3,17,8]
2;15;[3,7,16]
2;8;[3,17,18]
2;11;[5]
2;1;[4,0,3]
2;2;[0,6,5]
2;7;[3,15,16]
2;12;[5]
3;18;[8,17,3]
3;8;[17,18,3]
3;11;[5]
3;1;[0,3,4]
3;2;[0,5,6]
3;12;[5]
3;15;[16,3,7]
3;7;[3,16,15]
4;8;[3,17,18]
4;11;[5]
4;1;[4,0,3]
4;2;[5,0,6]
4;7;[16,3,15]
4;12;[5]
4;18;[17,3,8]
4;15;[3,16,7]
5;18;[3,8,17]
5;8;[18,17,3]
5;11;[5]
5;1;[0,3,4]
5;2;[6,0,5]
5;7;[16,3,15]
5;12;[5]
5;15;[16,3,7]
6;18;[3,8,17]
6;8;[17,3,18]
6;11;[5]
6;1;[0,3,4]
6;2;[5,6,0]
6;7;[16,3,15]
6;12;[5]
6;15;[16,3,7]
7;11;[5]
7;1;[3,4,0]
7;2;[0,5,6]
7;12;[5]
7;18;[17,3,8]
7;15;[16,3,7]
7;8;[3,17,18]
7;7;[3,16,15]
8;11;[5]
8;1;[3,0,4]
8;2;[0,6,5]
8;7;[3,16,15]
8;12;[5]
8;18;[17,3,8]
8;15;[16,3,7]
8;8;[3,17,18]
9;11;[5]
9;1;[0,4,3]
9;2;[6,0,5]
9;12;[5]
9;15;[3,16,7]
9;18;[3,17,8]
9;7;[3,16,15]
9;8;[3,17,18]
10;11;[5]
10;1;[4,3,0]
10;2;[5,0,6]
10;7;[16,3,15]
10;12;[5]
10;18;[3,17,8]
10;15;[16,3,7]
10;8;[3,17,18]
11;15;[16,3,7]
11;11;[5]
11;1;[3,0,4]
11;2;[5,0,6]
11;7;[3,16,15]
11;12;[5]
11;18;[17,3,8]
11;8;[3,17,18]
12;18;[8,17,3]
12;8;[3,18,17]
12;11;[5]
12;1;[0,3,4]
12;2;[6,5,0]
12;7;[3,16,15]
12;12;[5]
12;15;[16,3,7]
13;11;[5]
13;1;[0,3,4]
13;2;[6,5,0]
13;7;[16,3,15]
13;12;[5]
13;18;[3,17,8]
13;15;[3,16,7]
13;8;[17,3,18]
14;18;[17,3,8]
14;15;[16,7,3]
14;8;[17,18,3]
14;11;[5]
14;1;[0,4,3]
14;2;[0,5,6]
14;7;[16,15,3]
14;12;[5]
15;18;[3,17,8]
15;15;[3,7,16]
15;8;[17,3,18]
15;11;[5]
15;1;[0,3,4]
15;2;[5,6,0]
15;7;[15,16,3]
15;12;[5]
16;15;[3,7,16]
16;8;[3,17,18]
16;11;[5]
16;1;[0,3,4]
16;2;[0,5,6]
16;7;[15,3,16]
16;12;[5]
16;18;[3,17,8]
17;11;[5]
17;1;[0,3,4]
17;2;[6,5,0]
17;7;[16,3,15]
17;12;[5]
17;18;[3,17,8]
17;15;[16,3,7]
17;8;[17,3,18]
18;18;[3,17,8]
18;8;[17,3,18]
18;11;[5]
18;1;[4,3,0]
18;2;[5,0,6]
18;12;[5]
18;15;[3,16,7]
18;7;[16,3,15]
19;15;[16,3,7]
19;8;[3,17,18]
19;11;[5]
19;1;[3,0,4]
19;2;[5,0,6]
19;7;[16,15,3]
19;12;[5]
19;18;[17,3,8]
20;18;[8,3,17]
20;15;[3,7,16]
20;8;[3,18,17]
20;11;[5]
20;1;[3,4,0]
20;2;[6,0,5]
20;7;[15,16,3]
20;12;[5]
21;15;[3,7,16]
21;11;[5]
21;1;[0,4,3]
21;2;[0,5,6]
21;7;[16,15,3]
21;12;[5]
21;18;[3,17,8]
21;8;[17,3,18]
22;18;[17,3,8]
22;8;[3,18,17]
22;11;[5]
22;1;[0,4,3]
22;2;[6,5,0]
22;7;[3,16,15]
22;12;[5]
22;15;[16,3,7]
23;11;[5]
23;1;[4,0,3]
23;2;[6,0,5]
23;12;[5]
23;18;[3,17,8]
23;15;[16,3,7]
23;8;[17,3,18]
23;7;[16,3,15]
24;18;[17,8,3]
24;8;[18,17,3]
24;11;[5]
24;1;[3,4,0]
24;2;[0,6,5]
24;12;[5]
24;15;[3,16,7]
24;7;[3,16,15]
25;15;[16,7,3]
25;8;[3,17,18]
25;11;[5]
25;1;[0,3,4]
25;2;[0,5,6]
25;7;[15,16,3]
25;12;[5]
25;18;[17,3,8]
26;11;[5]
26;1;[3,0,4]
26;2;[0,6,5]
26;7;[3,16,15]
26;12;[5]
26;18;[3,17,8]
26;15;[3,16,7]
26;8;[17,3,18]
27;8;[3,17,18]
27;11;[5]
27;1;[0,4,3]
27;2;[0,6,5]
27;12;[5]
27;18;[17,3,8]
27;15;[3,16,7]
27;7;[16,3,15]
28;18;[8,3,17]
28;15;[7,3,16]
28;8;[18,17,3]
28;11;[5]
28;1;[0,4,3]
28;2;[0,6,5]
28;7;[3,15,16]
28;12;[5]
29;18;[8,3,17]
29;8;[3,18,17]
29;11;[5]
29;1;[0,4,3]
29;2;[6,0,5]
29;12;[5]
29;15;[16,3,7]
29;7;[3,16,15]
30;18;[17,3,8]
30;11;[5]
30;8;[18,3,17]
30;7;[3,16,15]
30;12;[5]
30;0;[1,4,5,6,3,2]
30;14;[6,2,5]
30;13;[6,14,2]
30;6;[14,2,5,0,13]
30;15;[3,16,7]
30;1;[3,4,6,5,0,2]
30;2;[5,4,13,14,6,0,1]
31;0;[2,1,3,4,5,6]
31;18;[17,8,3]
31;14;[5,2,13,6,0]
31;15;[3,7,16]
31;8;[3,17,18]
31;6;[1,14,0,13,5,2]
31;11;[5]
31;7;[15,3,16]
31;12;[5]
31;1;[0,2,5,3,6,14,13]
31;13;[6,2,14,5]
31;2;[0,5,4,13,6,1,14]
32;15;[16,3,7]
32;2;[0,1,13,6,5,4,14]
32;18;[17,3,8]
32;13;[6,14,5,2,1,0]
32;14;[6,5,2,0,1,13]
32;11;[5]
32;8;[3,17,18]
32;1;[14,0,13,5,3,6,2]
32;7;[3,15,16]
32;12;[5]
32;0;[4,3,5,6,1,14,2]
32;6;[14,2,13,5,1,0,4]
33;0;[2,14,4,3,5,6,1]
33;15;[3,7,16]
33;8;[17,3,18]
33;11;[5]
33;2;[13,0,14,1,6,5,4]
33;7;[3,15,16]
33;12;[5]
33;6;[0,2,14,13,5,4,1]
33;13;[0,2,5,14,1,6]
33;18;[3,17,8]
33;1;[14,5,3,13,2,6,0]
33;14;[0,2,5,6,1,13]
34;18;[17,3,8]
34;8;[3,17,18]
34;11;[5]
34;12;[5]
34;6;[2,1,0,5,4,13,14]
34;13;[1,2,5,14,6,0]
34;0;[2,6,14,4,3,1,13]
34;14;[0,5,6,2,13,1]
34;15;[3,16,7]
34;1;[13,6,2,14,5,3,0]
34;2;[0,1,6,5,4,14,13]
34;7;[3,16,15]
35;8;[3,17,18]
35;11;[5]
35;12;[5]
35;18;[3,17,8]
35;0;[1,6,4,3,14,13,2]
35;14;[13,2,5,0,1,6]
35;15;[3,16,7]
35;13;[6,14,5,2,1,0]
35;1;[0,2,5,3,13,14,6]
35;6;[14,13,1,0,5,4,2]
35;2;[0,1,5,4,6,14,13]
35;7;[16,15,3]
36;6;[13,14,2,1,0,5,4]
36;13;[6,1,0,14,2,5]
36;0;[1,13,14,2,6,4,3]
36;1;[14,13,0,6,2,5,3]
36;14;[6,0,5,13,2,1]
36;12;[5]
36;18;[8,17,3]
36;8;[18,17,3]
36;11;[5]
36;2;[14,6,13,0,1,5,4]
36;15;[16,3,7]
36;7;[3,16,15]
37;18;[3,8,17]
37;11;[5]
37;8;[18,3,17]
37;2;[6,13,1,5,4,14,0]
37;15;[3,16,7]
37;14;[0,6,1,5,2,13]
37;1;[14,0,6,2,5,3,13]
37;7;[16,3,15]
37;12;[5]
37;6;[13,2,14,5,4,0,1]
37;0;[1,14,13,4,3,6,2]
37;13;[0,5,1,2,6,14]
38;11;[5]
38;2;[0,6,13,1,5,4,14]
38;12;[5]
38;15;[3,16,7]
38;6;[0,14,2,13,5,4,1]
38;18;[17,3,8]
38;0;[1,4,3,2,14,6,13]
38;1;[13,5,3,6,0,14,2]
38;8;[3,17,18]
38;14;[5,13,1,2,0,6]
38;7;[16,3,15]
38;13;[1,2,5,6,0,14]
39;11;[5]
39;1;[2,6,13,14,5,3,0]
39;2;[6,0,5,4,14,13,1]
39;12;[5]
39;6;[2,0,1,5,4,13,14]
39;18;[3,17,8]
39;0;[2,14,13,4,3,6,1]
39;14;[13,1,0,6,5,2]
39;15;[16,3,7]
39;13;[14,5,6,2,0,1]
39;8;[3,17,18]
39;7;[16,3,15]
40;15;[3,16,7]
40;1;[0,2,5,3,13,14,6]
40;8;[17,3,18]
40;11;[5]
40;12;[5]
40;13;[14,0,6,5,1,2]
40;0;[1,6,4,3,14,2,13]
40;18;[3,17,8]
40;6;[0,13,1,5,4,2,14]
40;14;[2,5,0,1,6,13]
40;2;[14,1,5,4,13,0,6]
40;7;[16,3,15]
41;15;[3,16,7]
41;0;[6,14,1,2,13,4,3]
41;11;[5]
41;18;[17,3,8]
41;14;[0,2,6,5,13,1]
41;1;[0,13,14,5,3,2,6]
41;2;[13,0,5,4,1,14,6]
41;7;[15,3,16]
41;12;[5]
41;8;[3,17,18]
41;6;[0,14,1,5,4,2,13]
41;13;[1,5,2,6,14,0]
42;15;[7,16,3]
42;11;[5]
42;1;[13,2,0,5,3,14,6]
42;7;[16,15,3]
42;18;[17,3,8]
42;13;[14,6,5,0,1,2]
42;12;[5]
42;8;[3,17,18]
42;6;[14,13,2,0,5,4,1]
42;14;[0,5,6,2,1,13]
42;0;[4,3,2,6,1,13,14]
42;2;[6,13,1,14,5,4,0]
43;6;[1,14,13,2,0,5,4]
43;18;[3,17,8]
43;8;[3,18,17]
43;15;[3,16,7]
43;1;[14,6,2,5,3,13,0]
43;11;[5]
43;7;[15,3,16]
43;13;[0,5,2,1,14,6]
43;12;[5]
43;2;[13,5,4,14,0,6,1]
43;0;[13,2,4,3,14,6,1]
43;14;[0,6,1,13,5,2]
44;11;[5]
44;8;[3,18,17]
44;18;[17,3,8]
44;15;[7,3,16]
44;1;[6,13,5,3,0,14,2]
44;14;[2,0,5,13,1,6]
44;2;[0,14,6,1,13,5,4]
44;7;[3,15,16]
44;12;[5]
44;6;[5,4,14,0,2,1,13]
44;13;[1,6,5,14,2,0]
44;0;[14,2,4,3,1,6,13]
45;18;[8,3,17]
45;15;[16,7,3]
45;8;[18,17,3]
45;14;[13,2,0,5,6,1]
45;2;[0,6,14,1,13,5,4]
45;11;[5]
45;12;[5]
45;7;[15,3,16]
45;0;[1,2,4,3,13,6,14]
45;13;[14,2,5,0,1,6]
45;6;[13,1,14,2,5,4,0]
45;1;[13,6,14,2,5,3,0]
46;11;[5]
46;18;[17,3,8]
46;8;[3,18,17]
46;7;[16,3,15]
46;12;[5]
46;14;[6,0,2,5,13,1]
46;13;[1,2,5,14,6,0]
46;2;[1,5,4,6,14,0,13]
46;6;[14,0,13,1,5,4,2]
46;0;[6,14,13,2,4,3,1]
46;15;[16,3,7]
46;1;[5,3,14,6,13,2,0]
47;0;[1,6,14,13,2,4,3]
47;14;[13,0,1,6,2,5]
47;18;[17,3,8]
47;1;[0,14,13,5,3,2,6]
47;13;[14,0,5,6,2,1]
47;8;[17,3,18]
47;15;[3,16,7]
47;11;[5]
47;7;[16,3,15]
47;12;[5]
47;2;[5,4,6,1,0,14,13]
47;6;[14,0,13,1,5,4,2]
48;18;[8,17,3]
48;1;[0,13,2,14,6,5,3]
48;11;[5]
48;15;[7,3,16]
48;0;[14,4,3,13,1,6,2]
48;8;[3,17,18]
48;7;[3,15,16]
48;12;[5]
48;2;[1,13,5,4,14,6,0]
48;13;[1,6,2,5,0,14]
48;6;[2,1,5,4,14,0,13]
48;14;[6,0,5,2,1,13]
49;0;[6,14,13,1,2,4,3]
49;14;[0,6,2,1,5,13]
49;11;[5]
49;12;[5]
49;13;[0,1,2,5,14,6]
49;15;[16,3,7]
49;1;[13,5,3,2,14,6,0]
49;8;[17,3,18]
49;18;[17,3,8]
49;2;[14,6,0,13,5,4,1]
49;6;[14,13,1,5,4,2,0]
49;7;[3,16,15]
50;0;[13,14,6,1,2,4,3]
50;2;[6,14,0,13,5,4,1]
50;11;[5]
50;6;[14,0,2,13,5,4,1]
50;7;[16,3,15]
50;14;[0,6,2,1,5,13]
50;12;[5]
50;8;[17,3,18]
50;13;[0,1,6,2,5,14]
50;18;[3,17,8]
50;15;[3,16,7]
50;1;[14,0,13,5,3,6,2]
51;7;[16,15,3]
51;15;[7,3,16]
51;12;[5]
51;11;[5]
51;0;[4,3,13,14,1,2,6]
51;13;[5,6,1,14,2,0]
51;2;[14,13,5,4,1,0,6]
51;14;[0,2,6,1,5,13]
51;8;[17,3,18]
51;18;[3,17,8]
51;6;[14,0,13,5,4,1,2]
51;1;[0,14,13,5,3,2,6]
52;7;[3,16,15]
52;11;[5]
52;1;[6,0,13,14,5,3,2]
52;18;[17,3,8]
52;12;[5]
52;2;[5,4,13,14,1,6,0]
52;0;[14,13,4,3,6,1,2]
52;13;[0,14,5,2,1,6]
52;6;[0,1,13,2,5,4,14]
52;15;[16,3,7]
52;14;[13,5,2,6,0,1]
52;8;[17,3,18]
53;1;[6,2,0,13,14,5,3]
53;0;[6,1,13,2,14,4,3]
53;15;[3,16,7]
53;13;[14,0,5,2,1,6]
53;18;[17,8,3]
53;2;[1,0,6,5,4,13,14]
53;8;[3,17,18]
53;11;[5]
53;12;[5]
53;6;[0,14,1,5,4,13,2]
53;7;[16,3,15]
53;14;[6,0,1,5,13,2]
54;13;[14,6,1,2,5,0]
54;12;[5]
54;11;[5]
54;0;[1,2,4,3,13,14,6]
54;1;[2,0,6,13,14,5,3]
54;8;[17,3,18]
54;7;[16,3,15]
54;18;[3,17,8]
54;6;[13,2,0,1,5,4,14]
54;2;[1,13,0,5,4,14,6]
54;14;[5,0,2,1,6,13]
54;15;[3,16,7]
55;18;[3,17,8]
55;11;[5]
55;14;[2,6,5,1,13,0]
55;12;[5]
55;0;[6,14,13,2,4,3,1]
55;7;[16,3,15]
55;6;[13,2,14,1,5,4,0]
55;8;[17,18,3]
55;15;[3,16,7]
55;13;[6,0,5,1,14,2]
55;1;[5,3,2,14,0,6,13]
55;2;[13,14,0,6,5,4,1]
56;0;[6,1,4,3,14,13,2]
56;6;[14,0,13,2,1,5,4]
56;7;[16,3,15]
56;12;[5]
56;14;[2,5,13,0,6,1]
56;18;[17,3,8]
56;15;[3,16,7]
56;1;[0,6,5,3,2,13,14]
56;11;[5]
56;13;[14,5,1,2,0,6]
56;8;[3,17,18]
56;2;[13,14,5,4,1,0,6]
57;18;[8,17,3]
57;8;[18,17,3]
57;0;[14,2,4,3,6,13,1]
57;11;[5]
57;15;[7,16,3]
57;2;[6,0,1,14,13,5,4]
57;14;[0,13,6,5,1,2]
57;7;[16,3,15]
57;1;[13,2,6,5,3,14,0]
57;12;[5]
57;13;[1,14,5,2,0,6]
57;6;[14,0,2,5,4,13,1]
58;14;[0,1,13,2,6,5]
58;6;[0,14,1,5,4,13,2]
58;11;[5]
58;7;[16,15,3]
58;15;[7,3,16]
58;12;[5]
58;18;[3,17,8]
58;0;[6,4,3,2,1,14,13]
58;8;[17,3,18]
58;1;[6,14,13,2,5,3,0]
58;2;[1,5,4,0,13,14,6]
58;13;[0,5,6,1,2,14]
59;12;[5]
59;18;[3,17,8]
59;15;[3,16,7]
59;8;[18,17,3]
59;13;[14,6,2,5,1,0]
59;11;[5]
59;1;[0,2,5,3,13,6,14]
59;7;[3,15,16]
59;2;[0,5,4,14,13,1,6]
59;6;[14,13,5,4,0,1,2]
59;0;[13,2,1,14,4,3,6]
59;14;[13,1,6,5,2,0]
60;7;[3,16,15]
60;13;[14,1,0,5,2,6]
60;0;[2,6,3,1,13,14,4]
60;14;[5,1,0,2,13,6]
60;2;[13,6,5,14,1,0,4]
60;15;[16,3,7]
60;9;[4,19]
60;19;[9,4]
60;11;[5]
60;8;[3,17,18]
60;17;[8,3,18]
60;18;[3,17,8]
60;1;[13,14,0,6,4,5,2]
60;12;[5]
60;6;[2,0,13,14,1,5,4]
60;4;[1,14,10,6,2,0,13]
61;11;[5]
61;19;[9,4,2,6,0]
61;0;[13,1,6,2,3,14,4]
61;12;[5]
61;4;[2,19,6,14,9,13,1]
61;6;[0,2,13,14,1,4,19]
61;18;[3,17,8]
61;8;[3,17,18]
61;2;[13,14,1,0,4,6,19]
61;15;[16,3,7]
61;7;[3,16,15]
61;13;[6,2,14,5,0,1]
61;17;[18,3,8]
61;9;[4,19]
61;1;[0,13,14,4,2,19,6]
61;14;[4,2,6,5,0,1,13]
62;4;[2,6,19,14,1,13,9]
62;17;[8,18,3]
62;18;[3,8,17]
62;15;[7,3,16]
62;8;[18,3,17]
62;9;[4,2,6,19]
62;7;[16,3,15]
62;11;[5]
62;2;[6,4,13,14,1,19,9]
62;12;[5]
62;19;[9,0,6,4,2]
62;6;[2,4,0,14,13,19,9]
62;0;[14,13,4,1,2,6,19]
62;13;[0,6,14,4,1,19,2]
62;1;[19,4,2,6,13,0,14]
62;14;[0,4,6,1,2,19,13]
63;12;[5]
63;14;[13,1,0,6,9,19,4]
63;6;[14,9,0,19,13,1,2]
63;0;[6,4,19,2,14,13,1]
63;13;[0,14,4,19,2,6,1]
63;1;[14,2,13,4,19,6,9]
63;7;[15,16,3]
63;9;[4,6,19,0,2]
63;19;[4,6,2,14,1,13,9]
63;4;[19,6,9,2,1,14,13]
63;15;[3,16,7]
63;8;[17,18,3]
63;11;[5]
63;2;[19,4,13,9,6,14,0]
63;17;[8,3,18]
63;18;[3,8,17]
64;14;[19,6,2,4,13,0,1]
64;19;[9,14,4,1,13,2,6]
64;17;[18,3,8]
64;1;[19,13,4,6,14,2,0]
64;4;[13,0,1,14,2,9,19]
64;15;[7,3,16]
64;18;[17,8,3]
64;8;[17,18,3]
64;11;[5]
64;2;[9,19,6,14,4,13,0]
64;0;[13,14,6,2,4,19,1]
64;7;[3,15,16]
64;12;[5]
64;6;[2,0,1,19,13,4,14]
64;13;[0,4,1,19,2,6,9]
64;9;[4,0,2,19,6]
65;0;[2,4,13,14,6,1,19]
65;19;[2,14,6,1,13,0,9]
65;8;[3,17,18]
65;6;[19,0,14,2,4,13,1]
65;11;[5]
65;1;[13,4,14,2,6,19,0]
65;17;[3,18,8]
65;15;[16,3,7]
65;13;[19,6,0,4,14,2,9]
65;2;[4,9,0,14,13,19,6]
65;12;[5]
65;9;[2,6,19,4,0,13,14]
65;4;[13,9,0,2,19,14,6]
65;7;[3,16,15]
65;18;[3,8,17]
65;14;[6,13,19,2,4,9,0]
66;7;[15,16,3]
66;12;[5]
66;9;[2,4,19,13,14,0,6]
66;18;[3,17,8]
66;15;[16,3,7]
66;11;[5]
66;17;[18,3,8]
66;6;[1,0,19,2,4,9,14]
66;19;[13,1,9,6,0,14,2]
66;13;[2,6,19,9,14,0,4]
66;0;[19,6,13,1,9,14,4]
66;2;[6,4,0,9,19,13,1]
66;14;[0,4,9,19,6,13,2]
66;4;[9,14,0,6,1,19,2]
66;8;[3,18,17]
66;1;[6,0,4,14,19,9,13]
67;8;[3,18,17]
67;11;[5]
67;17;[3,8,18]
67;6;[9,14,0,2,19,13,4]
67;14;[4,9,6,2,13,19,0]
67;15;[16,3,7]
67;4;[14,6,9,0,2,13,19]
67;7;[16,3,15]
67;12;[5]
67;0;[9,14,4,6,1,13,19]
67;13;[14,19,0,9,1,2,4]
67;1;[19,6,9,4,13,14,0]
67;9;[0,19,13,1,2,6,14]
67;18;[3,8,17]
67;2;[19,13,4,1,14,6,9]
67;19;[13,1,2,6,9,4,0]
68;18;[17,3,8]
68;8;[3,17,18]
68;9;[0,19,1,14,6,13,2]
68;2;[13,6,4,9,19,14,0]
68;11;[5]
68;12;[5]
68;17;[18,3,8]
68;4;[6,2,19,13,14,0,1]
68;6;[9,19,0,13,2,4,1]
68;15;[3,16,7]
68;7;[3,16,15]
68;13;[1,14,0,2,19,9,4]
68;19;[13,9,0,1,2,14,4]
68;14;[13,2,6,4,19,9,0]
68;0;[19,13,9,6,2,1,14]
68;1;[13,14,4,0,6,9,19]
69;17;[3,18,8]
69;6;[19,9,0,1,4,13,2]
69;12;[5]
69;4;[2,13,1,0,6,19,9]
69;18;[3,8,17]
69;13;[14,4,2,0,1,19,6]
69;8;[17,3,18]
69;11;[5]
69;19;[13,14,9,2,0,1,6]
69;0;[13,19,6,4,14,2,1]
69;9;[0,6,19,13,1,2,14]
69;7;[16,3,15]
69;1;[6,9,19,14,0,4,13]
69;14;[2,6,4,0,13,19,1]
69;15;[3,16,7]
69;2;[13,14,4,6,0,19,9]
70;17;[3,18,8]
70;0;[14,19,1,6,2,13,9]
70;8;[3,17,18]
70;11;[5]
70;12;[5]
70;6;[2,9,4,0,14,19,13]
70;4;[1,6,9,13,0,19,2]
70;2;[4,6,9,1,14,13,19]
70;19;[6,0,9,2,1,14,13]
70;9;[19,13,6,2,0,1,4]
70;18;[3,17,8]
70;15;[16,3,7]
70;7;[16,3,15]
70;13;[9,2,6,4,0,14,19]
70;14;[13,19,0,2,4,6,9]
70;1;[0,4,14,9,19,13,6]
71;12;[5]
71;2;[14,4,9,19,1,13,6]
71;15;[3,16,7]
71;8;[3,17,18]
71;11;[5]
71;7;[16,3,15]
71;19;[9,6,13,0,14,2,4]
71;0;[13,9,6,14,2,4,19]
71;13;[0,19,9,6,14,4,2]
71;17;[3,8,18]
71;18;[3,8,17]
71;14;[2,4,19,13,9,0,6]
71;9;[6,2,4,19,13,0,1]
71;4;[6,2,13,0,19,9,1]
71;6;[0,2,14,9,19,4,1]
71;1;[13,19,0,9,6,2,4]
72;18;[8,3,17]
72;15;[3,7,16]
72;11;[5]
72;7;[16,15,3]
72;12;[5]
72;19;[13,14,0,9,2,4,6]
72;0;[4,14,19,9,6,2,13]
72;9;[2,6,4,1,14,0,19]
72;13;[9,2,6,0,4,14,19]
72;8;[3,17,18]
72;2;[6,9,4,1,14,0,19]
72;6;[19,2,9,14,1,4,0]
72;4;[9,0,13,14,19,6,2]
72;1;[2,9,4,13,0,6,19]
72;17;[3,18,8]
72;14;[0,19,13,2,6,9,4]
73;13;[0,19,6,4,9,14,2]
73;11;[5]
73;7;[16,3,15]
73;9;[19,6,13,0,4,14,2]
73;0;[13,4,2,14,6,19,1]
73;19;[9,14,6,2,13,0,4]
73;1;[19,2,9,4,13,6,0]
73;6;[0,19,13,2,9,1,4]
73;18;[3,17,8]
73;14;[2,0,9,4,13,6,19]
73;8;[17,3,18]
73;12;[5]
73;17;[3,8,18]
73;15;[3,16,7]
73;4;[13,6,19,0,1,14,2]
73;2;[14,9,6,19,0,13,4]
74;12;[5]
74;15;[3,7,16]
74;6;[4,1,0,2,9,13,14]
74;8;[3,17,18]
74;2;[0,19,6,9,14,13,4]
74;13;[9,4,19,14,2,0,6]
74;4;[13,19,6,0,1,14,9]
74;9;[13,14,6,4,1,2,19]
74;1;[0,6,2,4,19,9,13]
74;17;[18,3,8]
74;18;[8,17,3]
74;11;[5]
74;7;[15,3,16]
74;0;[2,13,19,4,9,6,1]
74;19;[9,13,4,1,0,6,2]
74;14;[13,9,6,19,2,0,4]
75;15;[16,7,3]
75;11;[5]
75;19;[2,1,9,4,0,13,6]
75;4;[14,1,9,19,6,2,13]
75;1;[19,6,0,13,4,9,14]
75;6;[9,4,1,2,0,19,13]
75;8;[17,3,18]
75;18;[3,8,17]
75;9;[19,6,1,4,14,2,13]
75;17;[18,3,8]
75;7;[3,15,16]
75;12;[5]
75;0;[19,13,2,1,4,6,9]
75;13;[0,2,9,19,6,14,4]
75;14;[6,13,0,2,4,9,19]
75;2;[13,19,9,6,4,14,1]
76;11;[5]
76;4;[1,9,14,2,13,19,0]
76;18;[3,8,17]
76;17;[3,8,18]
76;15;[3,16,7]
76;8;[3,17,18]
76;19;[0,2,4,14,1,9,13]
76;9;[19,2,6,13,4,1,14]
76;6;[14,0,2,19,13,9,1]
76;1;[4,9,6,0,19,14,2]
76;7;[16,3,15]
76;12;[5]
76;13;[2,14,19,0,4,1,9]
76;0;[13,19,6,2,4,14,9]
76;14;[13,9,4,2,6,19,0]
76;2;[4,9,1,0,19,6,14]
77;0;[9,19,13,2,6,14,4]
77;19;[4,14,1,9,0,13,2]
77;4;[1,14,2,0,9,19,13]
77;6;[9,13,14,0,2,4,1]
77;9;[4,0,19,2,6,1,14]
77;1;[4,2,0,6,9,13,14]
77;14;[6,0,2,13,9,19,4]
77;8;[18,3,17]
77;12;[5]
77;13;[14,0,9,19,4,2,6]
77;11;[5]
77;15;[3,16,7]
77;17;[8,3,18]
77;7;[3,16,15]
77;2;[0,14,6,4,9,19,1]
77;18;[3,17,8]
78;18;[8,17,3]
78;17;[3,18,8]
78;11;[5]
78;15;[7,3,16]
78;1;[2,19,6,13,0,9,14]
78;7;[15,3,16]
78;9;[13,6,14,0,1,2,19]
78;19;[1,0,13,9,6,4,2]
78;4;[19,0,9,13,2,14,1]
78;0;[19,4,2,14,9,13,6]
78;2;[14,6,4,19,1,0,13]
78;14;[1,9,2,6,4,19,13]
78;6;[0,1,2,4,13,9,14]
78;8;[17,18,3]
78;12;[5]
78;13;[9,14,0,19,4,2,6]
79;19;[1,2,0,13,9,4,14]
79;12;[5]
79;6;[13,14,9,0,2,1,19]
79;9;[0,1,19,4,14,13,6]
79;8;[17,3,18]
79;4;[19,1,2,14,13,9,0]
79;14;[1,13,9,2,6,4,19]
79;0;[6,9,2,1,19,13,14]
79;13;[9,14,1,19,0,6,2]
79;17;[3,18,8]
79;15;[16,7,3]
79;11;[5]
79;2;[1,6,19,14,13,9,0]
79;7;[15,3,16]
79;18;[17,3,8]
79;1;[14,19,2,0,13,9,6]
80;11;[5]
80;15;[3,16,7]
80;7;[3,16,15]
80;17;[3,8,18]
80;13;[9,0,6,2,14,19,1]
80;18;[3,8,17]
80;19;[0,2,4,6,1,13,14]
80;6;[2,13,1,14,19,0,9]
80;14;[4,1,13,9,19,0,2]
80;8;[3,17,18]
80;12;[5]
80;9;[13,4,14,19,0,2,6]
80;4;[14,19,1,2,0,9,13]
80;2;[0,1,6,14,13,19,4]
80;1;[9,14,19,13,0,6,2]
80;0;[9,2,13,4,19,6,1]
81;12;[5]
81;11;[5]
81;9;[14,4,0,2,19,1,13]
81;15;[3,16,7]
81;1;[6,13,0,14,2,19,9]
81;7;[3,16,15]
81;2;[6,19,1,4,9,14,0]
81;18;[17,3,8]
81;6;[0,9,2,14,19,1,13]
81;13;[9,1,0,6,19,2,14]
81;14;[9,19,2,0,4,1,6]
81;8;[3,18,17]
81;0;[6,1,9,19,2,14,4]
81;17;[8,3,18]
81;19;[2,14,13,1,0,6,9]
81;4;[9,14,0,1,6,19,2]
82;6;[4,9,1,14,0,19,13]
82;18;[3,17,8]
82;13;[2,9,14,4,1,6,19]
82;1;[6,19,9,0,13,2,14]
82;14;[4,9,1,6,19,0,2]
82;11;[5]
82;4;[9,0,14,2,19,6,1]
82;15;[3,16,7]
82;17;[3,8,18]
82;8;[3,18,17]
82;19;[2,13,0,6,1,9,14]
82;7;[16,3,15]
82;12;[5]
82;9;[13,1,14,19,0,2,4]
82;0;[19,2,14,6,4,9,1]
82;2;[4,14,0,1,6,9,13]
83;11;[5]
83;6;[4,0,14,13,1,9,19]
83;18;[3,8,17]
83;1;[2,14,9,0,13,19,6]
83;8;[17,18,3]
83;7;[16,3,15]
83;15;[3,16,7]
83;14;[0,6,4,19,2,1,9]
83;13;[6,19,1,4,0,2,9]
83;2;[9,1,13,4,14,0,6]
83;19;[6,1,0,14,2,13,9]
83;0;[6,19,9,1,4,14,2]
83;12;[5]
83;17;[3,8,18]
83;9;[2,14,4,13,6,19,1]
83;4;[6,9,14,2,1,0,19]
84;4;[9,13,19,6,1,0,14]
84;11;[5]
84;12;[5]
84;2;[9,0,19,14,13,4,6]
84;19;[6,13,1,9,0,14,4]
84;17;[3,18,8]
84;18;[3,8,17]
84;9;[19,13,6,1,2,14,0]
84;13;[1,4,6,19,9,0,2]
84;14;[6,4,1,19,2,9,0]
84;8;[17,3,18]
84;6;[19,13,4,0,9,14,1]
84;0;[14,4,6,19,13,2,9]
84;15;[3,16,7]
84;7;[16,3,15]
84;1;[19,2,14,9,0,6,13]
85;11;[5]
85;8;[3,17,18]
85;15;[3,16,7]
85;0;[2,9,14,6,4,13,19]
85;1;[9,6,2,19,14,13,4]
85;2;[14,13,6,9,4,0,19]
85;7;[3,16,15]
85;17;[8,3,18]
85;9;[19,1,13,6,2,0,14]
85;6;[13,1,9,14,19,0,4]
85;13;[2,4,6,19,0,1,9]
85;4;[0,13,19,6,2,14,9]
85;12;[5]
85;19;[0,4,6,13,1,14,9]
85;18;[3,8,17]
85;14;[9,2,0,1,19,4,6]
86;14;[6,4,19,0,9,2,1]
86;8;[3,17,18]
86;9;[2,1,14,6,19,0,4]
86;18;[8,3,17]
86;11;[5]
86;17;[18,3,8]
86;13;[1,6,19,0,2,4,9]
86;12;[5]
86;15;[16,3,7]
86;4;[6,2,19,13,14,9,0]
86;7;[16,3,15]
86;6;[19,1,13,9,4,0,2]
86;2;[19,14,6,0,9,13,4]
86;19;[14,6,4,0,1,13,9]
86;1;[13,9,2,19,14,4,6]
86;0;[9,13,4,19,1,2,6]
87;15;[16,7,3]
87;13;[9,4,2,19,1,6,0]
87;0;[6,9,4,13,1,19,2]
87;11;[5]
87;2;[9,13,1,19,0,6,4]
87;7;[15,16,3]
87;8;[3,18,17]
87;9;[0,4,2,1,6,19,14]
87;17;[18,3,8]
87;18;[17,3,8]
87;14;[6,2,9,0,4,19,1]
87;12;[5]
87;4;[6,2,19,14,0,9,13]
87;6;[0,4,9,2,13,1,19]
87;19;[1,6,14,9,13,4,0]
87;1;[19,6,4,2,9,13,0]
88;17;[8,3,18]
88;8;[3,17,18]
88;6;[13,0,2,9,19,4,1]
88;14;[9,4,1,0,2,19,6]
88;11;[5]
88;1;[6,13,19,9,2,4,0]
88;12;[5]
88;2;[0,4,13,9,14,1,6]
88;13;[19,0,6,4,1,9,14]
88;19;[13,1,14,0,2,4,6]
88;18;[3,8,17]
88;4;[6,0,13,9,1,19,2]
88;0;[2,19,6,4,13,1,14]
88;15;[16,7,3]
88;7;[15,3,16]
88;9;[14,13,19,0,6,2,1]
89;13;[9,4,0,1,19,14,6]
89;6;[1,13,0,9,14,19,4]
89;7;[3,16,15]
89;14;[0,9,2,19,6,1,13]
89;17;[3,18,8]
89;12;[5]
89;0;[19,14,6,4,2,1,9]
89;9;[2,13,14,6,1,19,0]
89;19;[0,4,9,2,13,14,6]
89;15;[3,16,7]
89;18;[8,3,17]
89;1;[4,6,0,13,19,2,9]
89;4;[0,6,1,2,13,19,9]
89;8;[3,18,17]
89;11;[5]
89;2;[9,6,0,19,14,1,4]
90;10;[4,0,1,13]
90;4;[1,13,6,9,10,0,2]
90;19;[6,9,14,13,2,1,0]
90;9;[2,19,0,1,13,6,4]
90;16;[3,15,7,8]
90;13;[9,4,0,19,1,6,2]
90;0;[19,2,4,1,9,6,13]
90;5;[11,1,13,14,0,2,12]
90;14;[6,13,0,1,2,19,9]
90;17;[8,18,15,7,3]
90;15;[7,16,0,8,3,17,18]
90;8;[17,18,0,1,15,7,3]
90;1;[13,9,6,0,4,2,3]
90;3;[18,8,17,1,13,9,6]
90;12;[2,6,13,14,1,5,11]
90;2;[0,1,4,19,9,6,14]
90;6;[14,13,4,0,9,1,2]
90;18;[17,8,0,1,7,3,15]
90;7;[15,16,1,3,18,17,8]
90;11;[1,14,13,6,2,5,12]
91;10;[13,4,0,9,1]
91;2;[14,6,19,1,13,9,3]
91;0;[10,4,9,1,6,13,18]
91;17;[7,3,15,18,8]
91;3;[6,13,1,9,17,8,18]
91;5;[12,14,11,1,9,13,6]
91;4;[0,10,2,9,13,1,6]
91;13;[1,4,6,10,0,12,5]
91;15;[16,3,17,18,8,0,7]
91;16;[8,7,15,3]
91;19;[9,6,13,1,0,14,2]
91;18;[8,17,7,0,10,4,9]
91;7;[17,18,8,1,15,3,16]
91;8;[18,17,15,3,6,13,1]
91;12;[5,11,14,13,1,4,6]
91;14;[13,6,0,1,19,2,9]
91;11;[1,14,13,6,2,5,12]
91;6;[1,3,13,8,2,14,19]
91;1;[9,13,0,5,2,6,19]
91;9;[6,13,1,0,4,19,14]
92;3;[13,8,16,15,6,19,2]
92;9;[6,0,19,1,4,13,14]
92;16;[15,7,3,6,13,8]
92;6;[5,3,14,8,1,2,19]
92;14;[6,5,9,3,19,0,2]
92;5;[12,11,1,6,2,3,19]
92;8;[3,6,18,15,16,7,17]
92;1;[2,19,9,6,5,3,14]
92;17;[18,15,8,16,3,7]
92;11;[1,5,14,6,12,4,13]
92;13;[12,10,1,0,18,9,4]
92;7;[3,16,1,15,17,18,8]
92;10;[13,0,9,4,12,18,17]
92;15;[16,17,18,8,3,6,7]
92;18;[0,17,9,8,4,10,13]
92;4;[9,13,0,19,10,1,12]
92;2;[1,19,3,6,14,5,9]
92;0;[18,9,1,13,4,12,10]
92;19;[9,14,13,0,2,1,6]
92;12;[1,6,11,5,4,9,13]
93;9;[14,0,19,6,4,13,12]
93;3;[6,16,17,7,15,5,19]
93;19;[3,4,6,16,9,2,14]
93;17;[7,15,18,10,13,3,6]
93;14;[5,6,19,9,3,11,0]
93;12;[4,11,9,13,10,18,6]
93;7;[17,16,18,3,1,15,8]
93;5;[6,11,1,2,3,16,17]
93;4;[9,12,14,13,10,19,3]
93;10;[13,0,18,12,4,11,9]
93;16;[3,7,6,13,8,17,15]
93;6;[5,14,3,1,19,12,2]
93;11;[4,12,13,14,5,6,19]
93;15;[17,8,16,7,18,13,10]
93;8;[17,15,6,7,18,16,3]
93;1;[5,14,0,2,3,19,6]
93;2;[3,19,6,4,14,5,1]
93;0;[13,10,14,5,6,9,1]
93;18;[13,0,10,15,8,7,17]
93;13;[10,0,18,1,4,9,12]
94;13;[9,10,16,4,8,12,17]
94;15;[7,3,17,5,19,8,18]
94;16;[13,4,8,9,19,3,2]
94;3;[17,15,5,19,18,7,1]
94;0;[1,13,14,10,6,12,2]
94;6;[11,2,0,1,14,19,12]
94;10;[12,18,11,13,4,16,9]
94;5;[3,6,16,11,17,7,18]
94;17;[5,9,13,10,16,3,7]
94;9;[14,12,0,13,10,4,19]
94;4;[13,3,12,14,9,19,2]
94;7;[15,8,16,17,5,9,13]
94;1;[0,2,19,6,3,17,15]
94;18;[15,13,17,10,7,8,16]
94;11;[19,5,14,6,2,12,0]
94;12;[4,10,9,6,2,11,0]
94;2;[6,3,4,1,14,5,19]
94;14;[19,0,5,6,9,3,11]
94;8;[18,16,17,3,13,15,7]
94;19;[2,3,14,6,4,16,13]
95;5;[18,14,3,15,17,1,7]
95;8;[7,15,3,16,2,13,18]
95;7;[17,8,9,5,18,14,3]
95;16;[8,2,18,13,19,7,17]
95;14;[5,6,3,11,15,17,0]
95;17;[13,5,9,16,8,2,18]
95;10;[16,12,4,18,11,13,9]
95;18;[15,8,5,17,16,13,19]
95;2;[13,6,16,19,0,12,1]
95;0;[1,12,11,14,5,6,3]
95;11;[6,0,14,19,4,9,2]
95;13;[10,16,17,19,4,2,9]
95;12;[11,6,10,2,0,14,1]
95;1;[15,0,3,2,13,6,16]
95;3;[15,1,19,18,7,5,17]
95;4;[2,13,3,12,19,9,16]
95;15;[3,18,17,5,19,8,7]
95;19;[4,9,2,16,11,13,10]
95;9;[19,4,16,2,14,13,10]
95;6;[0,12,2,16,14,5,3]
96;5;[3,18,7,15,17,14,6]
96;6;[2,16,5,3,0,12,14]
96;14;[0,6,2,16,5,3,18]
96;3;[5,18,1,14,16,2,8]
96;12;[6,10,2,11,9,19,0]
96;2;[9,16,6,1,8,18,11]
96;9;[2,16,19,13,6,1,7]
96;8;[16,15,2,18,3,5,1]
96;11;[19,0,4,12,2,9,16]
96;10;[16,13,12,4,2,9,19]
96;4;[2,9,19,16,3,10,13]
96;7;[18,14,5,15,9,2,16]
96;1;[6,3,5,16,18,2,19]
96;18;[5,13,17,8,16,19,2]
96;19;[9,4,11,10,13,16,2]
96;0;[14,5,12,6,3,11,19]
96;15;[3,8,17,7,18,14,5]
96;16;[18,2,19,8,17,6,1]
96;17;[2,8,16,13,9,18,5]
96;13;[10,9,16,17,4,19,11]
97;10;[4,13,19,9,16,7,2]
97;2;[17,18,3,16,14,6,5]
97;19;[13,16,4,2,0,9,10]
97;13;[10,4,19,9,11,17,18]
97;17;[18,13,4,19,2,16,3]
97;1;[16,3,2,19,8,5,18]
97;9;[19,10,16,2,4,11,7]
97;16;[19,2,18,1,13,7,9]
97;8;[3,5,15,2,1,16,18]
97;3;[8,5,1,2,11,16,9]
97;12;[9,0,11,6,14,2,5]
97;14;[6,5,15,2,17,18,3]
97;7;[2,15,14,9,16,19,18]
97;0;[11,5,14,19,13,16,4]
97;4;[10,9,13,3,19,16,2]
97;5;[3,14,18,7,6,2,16]
97;6;[14,2,5,3,9,16,12]
97;11;[2,12,0,16,9,19,10]
97;15;[7,8,18,14,6,5,3]
97;18;[19,16,5,1,2,17,3]
98;2;[17,3,18,14,7,6,5]
98;16;[19,6,11,7,14,5,8]
98;10;[4,16,7,2,9,11,19]
98;13;[9,10,19,17,16,0,4]
98;17;[2,13,18,4,19,16,3]
98;19;[4,13,16,9,10,7,0]
98;14;[5,6,2,15,17,18,12]
98;9;[11,10,19,7,13,17,4]
98;8;[1,5,3,16,19,6,11]
98;7;[16,9,19,2,17,3,18]
98;12;[2,0,11,9,14,5,6]
98;15;[6,7,14,3,13,18,17]
98;3;[17,15,18,11,13,2,1]
98;1;[8,16,2,3,17,15,18]
98;5;[2,6,3,18,7,14,15]
98;6;[14,5,12,2,17,18,16]
98;0;[4,11,5,14,19,13,16]
98;11;[9,10,3,2,16,19,6]
98;4;[16,2,9,11,13,10,19]
98;18;[1,2,19,16,3,17,13]
99;16;[5,6,19,11,8,14,13]
99;4;[13,10,11,9,19,0,16]
99;0;[16,19,13,14,2,6,5]
99;6;[16,2,5,14,17,3,13]
99;5;[6,14,16,19,11,2,12]
99;11;[3,16,6,19,4,0,8]
99;18;[17,3,1,2,6,7,5]
99;17;[6,13,3,10,9,19,14]
99;15;[3,18,6,13,10,17,9]
99;2;[18,6,14,7,5,17,1]
99;13;[10,17,9,19,15,16,5]
99;10;[9,19,0,13,16,7,2]
99;12;[14,2,0,11,5,6,16]
99;8;[16,6,11,19,4,0,13]
99;1;[15,17,3,2,18,6,14]
99;19;[4,0,8,13,16,11,10]
99;3;[15,17,18,11,13,2,1]
99;14;[2,5,12,0,17,6,13]
99;9;[13,4,10,11,19,7,2]
99;7;[2,16,19,10,9,13,4]
100;6;[13,17,5,12,16,2,1]
100;1;[18,3,15,2,14,0,17]
100;15;[10,9,17,7,4,13,16]
100;0;[2,16,19,13,6,14,17]
100;16;[5,11,8,19,13,3,4]
100;4;[19,9,10,13,16,3,17]
100;13;[16,3,4,17,15,10,9]
100;2;[14,6,13,5,17,18,1]
100;18;[17,3,7,2,14,1,6]
100;10;[19,7,4,8,11,0,9]
100;11;[4,16,19,13,5,3,8]
100;7;[4,2,13,9,10,15,19]
100;5;[6,16,13,17,14,19,12]
100;14;[0,17,2,6,13,1,12]
100;12;[16,14,2,0,17,5,6]
100;19;[4,8,11,0,13,10,7]
100;3;[1,18,11,13,16,17,15]
100;17;[14,6,10,13,16,3,4]
100;8;[19,4,6,0,13,11,16]
100;9;[10,15,19,4,13,17,7]
101;13;[16,4,17,15,10,0,3]
101;4;[17,9,13,3,16,10,8]
101;9;[10,19,7,4,3,13,15]
101;1;[18,14,0,2,3,13,11]
101;0;[13,16,19,10,3,4,14]
101;5;[12,16,6,2,14,0,1]
101;11;[4,8,19,5,3,16,13]
101;8;[16,11,19,4,17,9,13]
101;14;[12,1,5,0,13,16,19]
101;15;[10,13,9,19,17,16,3]
101;2;[6,13,5,1,18,14,0]
101;16;[3,13,4,5,19,11,8]
101;10;[9,19,4,8,11,7,15]
101;18;[6,2,17,3,1,0,14]
101;7;[9,15,4,10,19,0,14]
101;3;[13,11,16,4,8,1,2]
101;17;[13,16,3,15,10,9,4]
101;19;[10,0,14,8,7,15,9]
101;6;[2,13,17,16,12,14,5]
101;12;[14,5,16,0,17,6,2]
102;3;[13,1,11,4,8,2,16]
102;10;[19,7,15,8,17,4,9]
102;16;[3,12,5,0,13,11,15]
102;6;[12,2,5,14,17,4,15]
102;0;[12,19,16,3,5,13,1]
102;4;[9,17,15,13,3,8,10]
102;12;[6,14,2,16,11,5,3]
102;7;[10,0,9,14,5,6,16]
102;9;[15,4,3,7,10,0,19]
102;17;[15,6,12,5,4,8,9]
102;2;[1,18,0,5,16,6,14]
102;14;[5,6,16,0,13,19,7]
102;5;[14,6,16,2,13,12,11]
102;11;[3,13,8,5,14,6,16]
102;13;[0,4,17,16,12,5,3]
102;19;[7,10,14,15,0,13,16]
102;18;[6,0,14,17,1,2,3]
102;8;[10,9,7,16,11,4,17]
102;1;[2,3,18,0,12,19,16]
102;15;[10,17,9,16,3,12,5]
103;9;[7,8,10,15,17,4,6]
103;6;[5,17,12,4,15,14,16]
103;0;[12,16,3,1,19,5,6]
103;13;[5,12,11,17,10,9,4]
103;10;[9,8,17,4,7,14,5]
103;7;[5,6,16,14,10,9,8]
103;16;[3,12,5,0,13,8,15]
103;14;[16,5,0,6,17,7,9]
103;12;[5,3,6,14,11,15,16]
103;17;[10,9,4,6,7,8,13]
103;4;[8,15,13,3,17,10,9]
103;18;[2,16,5,6,1,12,0]
103;5;[6,14,16,2,11,0,12]
103;11;[5,6,14,16,3,13,12]
103;2;[16,5,18,6,14,1,0]
103;15;[3,17,9,10,16,12,5]
103;8;[4,17,10,3,16,12,5]
103;1;[12,0,19,16,18,2,5]
103;3;[1,16,13,8,4,17,10]
103;19;[13,7,10,14,0,12,16]
104;6;[7,5,14,17,2,1,18]
104;16;[14,0,19,3,12,8,5]
104;18;[2,16,1,6,0,5,19]
104;15;[12,9,5,16,10,17,4]
104;7;[10,9,5,16,8,14,6]
104;2;[14,6,18,7,16,5,1]
104;10;[7,9,14,8,3,16,12]
104;1;[12,18,0,19,2,14,6]
104;11;[6,14,16,12,13,15,5]
104;0;[5,19,18,2,1,16,12]
104;3;[16,12,15,5,4,8,10]
104;19;[13,7,10,16,12,0,8]
104;13;[11,10,17,9,4,12,15]
104;14;[6,7,10,9,16,0,19]
104;17;[4,9,13,8,3,16,10]
104;12;[13,15,5,10,11,3,16]
104;5;[12,6,2,16,14,0,19]
104;9;[10,7,17,15,12,5,16]
104;4;[10,17,8,15,12,9,5]
104;8;[3,10,7,9,17,16,12]
105;1;[6,14,2,12,19,18,0]
105;9;[12,10,17,5,16,15,4]
105;15;[4,9,5,16,12,13,11]
105;16;[19,0,11,14,3,5,17]
105;12;[13,11,3,16,15,4,9]
105;17;[19,11,16,3,10,0,8]
105;3;[16,12,8,17,15,5,10]
105;0;[16,19,5,14,18,1,6]
105;8;[10,3,7,17,19,11,16]
105;7;[6,14,9,8,10,3,17]
105;10;[4,9,15,12,3,16,8]
105;5;[14,16,12,6,0,18,19]
105;19;[12,8,16,14,0,5,18]
105;13;[12,15,10,17,9,11,16]
105;6;[18,0,14,7,16,2,1]
105;11;[15,16,12,19,0,14,13]
105;2;[14,7,16,6,18,0,1]
105;18;[0,1,6,14,16,5,2]
105;4;[9,15,12,17,5,10,8]
105;14;[7,16,0,19,6,18,2]
106;2;[6,0,14,7,16,18,1]
106;16;[13,5,14,19,11,17,15]
106;4;[9,15,12,17,10,3,8]
106;10;[3,9,4,8,17,19,7]
106;13;[11,12,15,10,16,19,17]
106;5;[0,14,19,18,16,13,11]
106;19;[8,17,16,11,7,3,0]
106;8;[19,7,3,11,16,10,17]
106;9;[4,10,17,5,15,3,12]
106;15;[9,3,16,13,5,14,12]
106;6;[18,2,0,7,1,14,16]
106;12;[13,11,4,15,9,3,16]
106;3;[8,16,10,17,15,9,12]
106;0;[18,5,1,6,19,8,17]
106;18;[1,6,0,14,16,5,2]
106;7;[8,3,10,14,16,11,6]
106;17;[16,11,8,7,3,19,0]
106;14;[16,11,6,1,18,17,7]
106;11;[15,13,12,14,16,18,6]
106;1;[2,18,0,14,6,16,11]
107;11;[17,14,5,16,6,19,13]
107;3;[15,12,10,8,19,4,9]
107;16;[5,6,14,13,15,11,1]
107;0;[19,8,17,18,6,16,14]
107;19;[8,0,13,16,11,17,5]
107;17;[19,8,7,11,14,16,6]
107;6;[7,0,14,19,8,2,16]
107;4;[10,8,12,15,16,3,9]
107;14;[11,1,7,18,16,5,6]
107;7;[14,11,16,8,3,6,0]
107;8;[17,19,7,11,10,3,9]
107;9;[12,3,15,10,4,19,8]
107;10;[19,3,9,4,15,8,17]
107;1;[18,11,0,16,5,6,14]
107;5;[14,16,13,15,3,11,17]
107;15;[4,3,9,13,12,5,16]
107;12;[3,9,16,13,11,15,4]
107;13;[16,11,6,14,19,17,8]
107;18;[1,2,0,14,11,6,16]
107;2;[18,1,14,6,7,0,16]
108;0;[6,2,7,14,5,18,16]
108;13;[19,10,17,16,6,11,5]
108;5;[15,16,11,14,13,3,17]
108;16;[14,17,15,1,5,6,7]
108;18;[11,6,0,1,2,14,16]
108;4;[16,15,12,10,8,9,3]
108;14;[2,18,0,1,16,17,15]
108;9;[10,3,19,8,12,4,15]
108;7;[6,0,11,16,14,17,15]
108;10;[19,4,9,3,15,17,8]
108;15;[4,12,5,3,16,6,17]
108;8;[9,17,3,15,10,19,4]
108;12;[4,15,9,10,11,5,19]
108;3;[9,15,10,19,4,12,8]
108;1;[2,14,16,0,5,6,18]
108;19;[17,10,5,8,9,13,11]
108;17;[19,11,5,15,16,6,14]
108;11;[5,19,17,12,15,13,10]
108;6;[2,7,16,14,19,8,0]
108;2;[6,7,1,14,18,0,5]
109;15;[3,5,16,17,14,8,4]
109;10;[8,19,3,15,9,12,4]
109;11;[19,12,13,10,17,16,5]
109;6;[0,7,16,19,8,2,14]
109;8;[3,19,9,17,15,4,10]
109;12;[9,11,4,15,19,10,13]
109;16;[7,0,14,17,1,18,15]
109;2;[14,0,7,18,6,1,16]
109;19;[10,11,17,5,12,9,13]
109;7;[14,17,15,6,0,11,16]
109;0;[14,2,6,5,16,15,7]
109;17;[11,13,16,19,12,14,5]
109;9;[12,15,3,10,8,4,19]
109;5;[17,11,1,2,14,15,16]
109;1;[16,14,0,18,2,5,17]
109;4;[10,19,8,15,3,5,16]
109;14;[0,2,1,16,17,11,13]
109;3;[8,10,9,15,17,5,16]
109;13;[10,6,19,17,5,16,11]
109;18;[2,14,1,16,15,7,0]
110;18;[16,7,2,14,1,0,6]
110;14;[17,13,0,5,1,15,11]
110;17;[19,14,13,5,12,16,11]
110;19;[12,13,8,4,10,17,11]
110;5;[1,15,16,14,17,13,11]
110;4;[10,15,3,5,16,9,8]
110;12;[19,9,11,15,5,16,3]
110;11;[12,10,16,14,13,17,19]
110;9;[12,10,19,3,4,8,15]
110;3;[10,5,9,4,15,16,7]
110;2;[0,6,7,1,5,17,16]
110;10;[9,4,13,19,17,11,3]
110;6;[2,16,0,14,19,7,17]
110;13;[19,17,11,5,10,9,4]
110;7;[17,16,14,15,6,2,0]
110;15;[5,16,4,12,19,3,10]
110;1;[16,5,17,7,18,2,0]
110;16;[7,18,0,15,3,5,1]
110;0;[6,7,16,14,18,2,1]
110;8;[3,10,4,15,19,12,13]
111;16;[3,1,17,19,14,6,15]
111;7;[6,3,18,17,10,16,2]
111;17;[10,16,2,14,19,11,7]
111;10;[4,17,16,3,8,9,13]
111;0;[18,2,7,1,6,17,16]
111;3;[10,16,15,12,7,0,6]
111;18;[6,16,0,2,14,7,3]
111;9;[8,4,10,12,15,19,5]
111;6;[17,16,7,3,1,0,18]
111;5;[17,14,15,1,0,16,2]
111;13;[11,19,8,10,4,17,16]
111;15;[10,12,5,4,16,1,3]
111;11;[19,17,14,12,9,15,4]
111;8;[10,4,15,19,12,17,13]
111;14;[11,17,13,1,16,5,0]
111;4;[8,9,15,5,10,3,13]
111;19;[12,17,13,15,10,8,4]
111;12;[9,15,4,11,17,14,19]
111;1;[5,0,14,2,16,17,10]
111;2;[16,17,10,0,14,6,1]
112;3;[10,7,15,0,6,16,17]
112;10;[16,4,17,15,3,13,19]
112;5;[14,1,0,17,16,2,10]
112;7;[3,17,18,10,16,2,6]
112;0;[3,2,6,16,17,7,1]
112;12;[19,11,9,4,15,16,3]
112;6;[17,16,0,1,7,3,18]
112;13;[4,19,16,8,10,17,5]
112;17;[2,5,16,10,7,13,11]
112;19;[13,12,8,10,4,11,9]
112;2;[17,0,10,6,18,1,16]
112;15;[16,3,12,19,11,9,10]
112;14;[5,1,16,11,12,9,17]
112;4;[10,3,8,19,13,12,9]
112;1;[14,16,5,17,2,0,3]
112;16;[15,6,17,1,14,5,2]
112;8;[19,13,12,17,9,4,10]
112;9;[12,15,4,10,8,19,13]
112;18;[7,3,6,17,16,2,0]
112;11;[12,9,17,10,14,19,13]
113;5;[13,17,10,19,1,0,2]
113;17;[16,5,18,11,1,10,13]
113;19;[12,13,11,10,4,9,8]
113;9;[4,12,8,10,15,13,19]
113;18;[17,16,2,0,5,11,6]
113;1;[16,5,13,0,3,17,2]
113;11;[19,17,13,12,9,10,14]
113;2;[18,0,16,7,1,5,13]
113;3;[16,15,4,0,9,8,12]
113;7;[17,6,0,1,3,2,18]
113;13;[5,17,19,10,11,8,4]
113;15;[12,10,16,3,0,9,4]
113;6;[7,0,3,1,18,17,16]
113;0;[1,3,2,16,17,7,6]
113;12;[11,19,9,3,16,15,4]
113;16;[1,3,17,0,11,5,14]
113;10;[15,13,19,9,17,16,18]
113;14;[5,11,19,16,1,3,17]
113;8;[4,9,12,13,5,17,19]
113;4;[9,8,19,13,11,3,0]
114;9;[4,19,10,17,16,8,5]
114;10;[17,16,18,15,9,4,19]
114;7;[0,2,1,5,3,15,4]
114;14;[3,16,17,19,1,5,11]
114;16;[0,3,17,14,7,4,18]
114;5;[1,19,13,4,17,16,10]
114;11;[14,16,13,3,17,5,12]
114;0;[3,4,15,16,17,14,7]
114;6;[17,16,18,1,13,2,5]
114;4;[19,9,3,13,8,5,17]
114;18;[17,6,2,5,16,0,3]
114;15;[12,4,10,9,3,0,16]
114;19;[5,4,9,13,1,10,8]
114;13;[8,5,17,4,19,11,14]
114;12;[15,3,16,4,11,14,13]
114;8;[17,13,9,10,19,5,4]
114;3;[15,4,0,16,12,7,2]
114;17;[16,18,10,13,1,5,19]
114;1;[13,2,5,6,16,18,17]
114;2;[1,5,13,18,16,7,0]
115;10;[19,5,17,15,3,0,9]
115;15;[4,3,0,10,9,19,5]
115;6;[16,18,13,2,5,1,17]
115;3;[18,15,12,0,7,16,14]
115;5;[10,4,19,17,9,13,8]
115;1;[17,18,6,0,3,16,7]
115;13;[11,14,8,5,17,19,4]
115;2;[1,5,13,18,7,3,0]
115;18;[0,16,1,6,17,3,15]
115;9;[19,4,17,16,10,8,5]
115;4;[13,11,14,5,19,17,10]
115;17;[19,1,5,16,0,3,18]
115;12;[13,3,14,0,7,11,18]
115;0;[16,3,4,15,17,7,2]
115;11;[14,13,16,17,5,12,3]
115;8;[17,13,9,5,10,4,19]
115;7;[3,0,15,2,1,18,6]
115;16;[3,18,0,17,19,5,1]
115;19;[9,8,4,13,5,17,10]
115;14;[11,16,17,3,18,15,12]
116;16;[3,17,0,1,6,7,18]
116;5;[10,4,9,8,17,19,13]
116;15;[0,5,7,18,1,3,10]
116;9;[8,17,10,15,5,4,19]
116;4;[19,13,10,11,14,5,9]
116;18;[3,1,17,16,6,15,0]
116;14;[18,15,16,17,12,3,11]
116;19;[10,8,17,13,5,4,9]
116;2;[0,3,7,13,11,5,8]
116;6;[1,16,13,2,18,3,17]
116;12;[3,18,11,13,14,0,7]
116;8;[5,9,4,19,13,10,15]
116;10;[5,15,19,17,3,8,9]
116;11;[12,14,3,13,4,5,10]
116;17;[19,5,0,16,18,3,1]
116;3;[14,18,15,0,7,12,11]
116;1;[18,6,7,0,2,16,17]
116;7;[0,2,18,6,3,15,1]
116;0;[7,12,3,11,18,15,10]
116;13;[11,5,8,4,10,19,2]
117;0;[16,12,15,17,3,1,7]
117;4;[5,9,11,13,14,12,3]
117;7;[0,15,12,14,3,1,6]
117;18;[6,15,3,17,16,1,0]
117;19;[4,9,10,13,8,11,5]
117;5;[9,4,13,19,8,10,15]
117;2;[11,0,7,8,5,10,13]
117;12;[14,18,11,3,7,1,0]
117;9;[5,4,19,17,10,8,15]
117;11;[12,13,5,3,10,4,9]
117;6;[18,17,3,13,1,7,16]
117;16;[17,1,0,15,12,18,6]
117;14;[18,12,11,4,9,5,3]
117;17;[16,3,1,19,18,6,15]
117;8;[5,10,13,15,4,19,2]
117;1;[6,17,18,7,0,16,12]
117;3;[18,11,15,7,14,12,0]
117;10;[8,15,0,18,19,9,5]
117;15;[0,18,5,7,10,9,8]
117;13;[11,5,2,8,15,10,19]
118;8;[19,9,2,15,10,5,13]
118;4;[14,5,11,13,9,15,10]
118;12;[3,7,14,18,0,1,16]
118;15;[10,0,16,1,7,12,2]
118;6;[1,18,0,7,17,3,16]
118;18;[16,3,6,17,0,12,14]
118;5;[13,19,9,4,10,8,2]
118;1;[7,6,0,12,16,17,18]
118;16;[0,17,18,15,1,7,6]
118;3;[16,12,18,14,17,0,11]
118;11;[5,13,4,3,16,12,18]
118;14;[4,7,1,18,16,3,6]
118;10;[15,0,18,8,19,9,2]
118;2;[8,5,13,7,0,12,1]
118;7;[0,12,2,1,6,15,14]
118;0;[1,16,7,12,3,15,10]
118;19;[5,4,9,11,13,8,2]
118;17;[15,3,19,6,16,1,18]
118;13;[11,8,2,15,10,5,19]
118;9;[15,10,4,14,11,8,19]
119;3;[16,11,18,12,14,17,6]
119;6;[18,17,3,0,15,16,12]
119;9;[19,4,8,10,15,2,7]
119;14;[7,16,3,6,4,1,18]
119;5;[8,2,4,14,9,13,19]
119;0;[6,16,7,15,1,18,12]
119;16;[1,0,18,12,15,7,2]
119;19;[8,2,4,9,11,13,5]
119;2;[5,7,13,8,10,9,19]
119;17;[6,1,15,18,16,3,11]
119;13;[8,5,19,15,7,2,9]
119;11;[16,18,4,12,5,13,3]
119;4;[14,11,9,15,5,8,13]
119;1;[7,18,6,17,12,16,0]
119;8;[10,19,5,13,2,7,9]
119;12;[3,1,14,0,6,16,7]
119;15;[13,9,2,7,16,1,0]
119;18;[3,16,6,0,14,7,17]
119;7;[2,14,0,12,15,13,9]
119;10;[19,9,15,2,0,18,8]
120;5;[4,13,8,9,19,14,18]
120;16;[15,11,0,3,1,7,13]
120;11;[3,18,4,16,1,15,0]
120;14;[18,5,4,13,6,16,0]
120;1;[0,18,12,6,16,15,11]
120;12;[6,0,16,7,3,1,18]
120;0;[7,6,16,12,18,14,17]
120;13;[15,19,5,7,2,9,8]
121;1;[16,12,11,6,18,14,0]
121;13;[11,16,1,7,5,14,9]
121;5;[4,14,6,13,11,9,16]
121;12;[1,16,7,0,14,18,6]
121;16;[11,1,7,15,0,13,9]
121;0;[14,18,6,7,16,12,1]
121;14;[18,6,4,13,16,0,5]
121;11;[1,16,3,15,0,4,5]
122;14;[5,4,0,12,6,1,18]
122;16;[11,13,7,9,1,0,6]
122;0;[14,6,5,18,1,7,12]
122;5;[13,16,11,6,1,0,14]
122;13;[9,5,11,1,16,6,0]
122;11;[4,3,15,1,13,6,16]
122;1;[13,6,16,0,9,11,12]
122;12;[6,18,7,1,16,0,14]
123;13;[16,9,5,6,0,1,11]
123;1;[11,16,12,13,0,14,7]
123;11;[1,13,6,3,16,0,4]
123;14;[0,12,1,18,4,6,5]
123;16;[0,1,6,7,9,11,13]
123;12;[1,14,6,18,16,7,0]
123;0;[14,12,7,1,13,16,11]
123;5;[13,16,1,11,6,14,0]
124;1;[14,7,0,6,12,16,13]
124;13;[0,16,1,7,14,11,4]
124;5;[14,6,0,11,1,4,16]
124;16;[11,13,6,9,1,7,0]
124;14;[6,5,12,1,13,7,0]
124;0;[1,14,7,12,13,16,11]
124;12;[0,7,6,18,1,14,13]
124;11;[4,5,14,6,13,0,16]
125;0;[11,5,12,16,14,13,1]
125;1;[14,12,7,0,16,11,13]
125;11;[13,16,4,14,6,0,5]
125;14;[1,13,7,0,12,6,5]
125;16;[11,13,0,7,1,14,12]
125;5;[14,11,6,4,0,13,16]
125;12;[14,1,7,0,5,11,16]
125;13;[7,16,1,0,11,5,12]
126;0;[5,11,12,14,13,16,1]
126;12;[5,11,0,1,16,14,6]
126;13;[0,11,16,5,12,7,1]
126;5;[13,0,16,11,6,14,1]
126;1;[16,14,0,11,12,5,13]
126;16;[13,11,1,0,14,12,7]
126;11;[13,0,16,4,14,6,5]
126;14;[1,6,13,12,11,0,5]
127;12;[11,0,1,13,6,14,5]
127;16;[13,7,1,5,6,0,11]
127;5;[13,6,1,0,11,16,7]
127;13;[1,0,16,12,5,11,6]
127;0;[5,1,13,11,16,12,14]
127;14;[11,12,0,1,13,6,5]
127;1;[13,0,12,11,5,16,7]
127;11;[16,7,1,0,5,13,6]
128;5;[11,16,6,1,13,0,12]
128;11;[16,1,12,5,13,14,7]
128;16;[7,5,11,13,6,14,12]
128;14;[5,6,0,11,16,1,12]
128;13;[11,5,16,0,6,12,1]
128;1;[16,11,0,7,12,13,5]
128;12;[14,0,6,11,1,16,5]
128;0;[12,5,16,13,11,14,6]
129;0;[14,5,16,13,11,12,7]
129;14;[12,1,16,6,11,0,5]
129;16;[6,5,7,14,12,11,0]
129;5;[16,13,1,11,0,12,7]
129;13;[11,16,6,12,1,5,0]
129;12;[0,14,6,1,11,5,13]
129;11;[0,5,12,7,13,14,1]
129;1;[11,5,13,7,14,16,12]
130;12;[1,13,16,14,11,5,0]
130;5;[11,12,7,0,14,13,1]
130;0;[12,7,16,11,14,5,13]
130;13;[11,5,0,1,12,6,16]
130;1;[12,11,7,14,16,13,5]
130;14;[0,11,5,12,6,1,16]
130;11;[14,5,0,1,7,12,13]
130;16;[6,14,0,11,12,1,13]
131;11;[12,14,1,13,7,0,5]
131;16;[14,0,12,11,1,6,13]
131;13;[5,11,0,1,6,14,16]
131;1;[5,12,11,7,14,13,6]
131;14;[0,11,5,12,6,13,16]
131;5;[13,0,11,1,12,14,7]
131;0;[11,14,12,16,7,13,5]
131;12;[16,1,13,14,0,5,11]
132;11;[5,0,7,14,16,13,12]
132;0;[12,11,7,5,13,16,1]
132;16;[14,12,6,0,11,13,1]
132;5;[7,13,1,14,11,12,0]
132;13;[6,1,16,0,12,11,7]
132;12;[0,16,11,5,1,6,13]
132;14;[16,13,6,11,5,0,7]
132;1;[6,5,13,12,0,16,11]
133;5;[14,11,16,1,12,7,0]
133;13;[0,7,16,11,14,5,1]
133;16;[6,13,14,12,11,1,0]
133;14;[11,16,13,6,0,7,5]
133;1;[11,12,13,0,16,5,14]
133;0;[12,13,16,1,7,11,5]
133;12;[11,1,0,5,16,6,13]
133;11;[14,5,12,13,0,7,16]
134;5;[1,14,7,12,0,11,13]
134;11;[16,5,13,1,7,12,14]
134;16;[11,0,13,6,1,5,12]
134;13;[11,16,12,6,1,5,14]
134;0;[5,7,13,11,16,6,12]
134;1;[5,14,12,0,13,11,16]
134;12;[6,0,5,7,16,11,13]
134;14;[6,0,7,11,16,5,13]
135;5;[16,13,1,11,14,7,0]
135;16;[13,11,0,12,1,5,6]
135;0;[16,14,11,5,12,13,1]
135;1;[13,16,12,0,11,14,5]
135;12;[11,16,13,6,5,0,14]
135;13;[1,11,16,6,0,12,5]
135;11;[16,14,7,12,1,5,13]
135;14;[11,5,16,13,6,0,12]
136;14;[0,16,12,11,1,5,13]
136;16;[6,0,1,11,5,13,7]
136;13;[5,0,6,16,1,12,14]
136;11;[14,5,1,13,7,0,12]
136;1;[11,13,14,5,12,16,6]
136;0;[13,12,16,11,14,5,1]
136;5;[13,7,16,6,11,14,1]
136;12;[0,14,11,5,1,13,6]
137;0;[5,11,14,1,13,6,12]
137;14;[11,5,16,13,0,12,6]
137;11;[5,14,0,12,16,13,1]
137;1;[16,12,13,6,11,5,14]
137;5;[16,13,7,6,11,0,14]
137;12;[13,6,11,0,14,1,16]
137;16;[1,5,11,7,13,12,6]
137;13;[0,12,6,5,11,14,16]
138;11;[14,5,0,16,13,1,12]
138;5;[11,14,0,7,13,16,6]
138;14;[5,13,11,16,12,6,0]
138;16;[6,1,5,12,13,14,0]
138;12;[13,1,11,6,16,5,14]
138;1;[13,14,11,6,16,12,5]
138;0;[13,6,12,14,5,11,16]
138;13;[14,12,16,6,5,11,0]
139;1;[11,12,6,5,16,13,14]
139;0;[14,11,12,16,5,6,13]
139;12;[5,6,14,0,16,11,1]
139;13;[0,5,14,16,6,12,1]
139;16;[11,1,6,12,5,13,0]
139;14;[13,0,11,1,12,5,6]
139;11;[1,5,12,16,14,13,0]
139;5;[6,13,11,16,0,14,7]
140;5;[7,0,16,1,12,14,13]
140;14;[13,12,11,16,6,5,7]
140;0;[12,1,5,14,16,6,11]
140;1;[16,11,6,5,12,0,14]
140;11;[14,13,16,0,12,1,5]
140;13;[0,6,16,5,14,11,12]
140;12;[0,14,6,1,5,7,16]
140;16;[12,1,13,11,5,0,7]
141;13;[14,6,5,12,16,11,0]
141;12;[0,1,5,7,14,13,16]
141;16;[0,12,13,7,1,5,14]
141;11;[0,12,1,13,14,5,16]
141;5;[16,14,13,12,7,11,0]
141;0;[12,11,1,16,14,5,13]
141;14;[5,13,16,0,11,12,1]
141;1;[0,14,11,6,16,5,12]
142;5;[11,1,13,12,16,14,0]
142;16;[1,5,13,12,0,14,11]
142;11;[0,12,14,16,1,5,13]
142;0;[11,14,5,13,1,16,12]
142;1;[0,5,16,14,11,13,12]
142;13;[11,5,14,12,0,16,1]
142;14;[0,12,1,5,11,16,13]
142;12;[14,16,13,7,1,0,5]
143;14;[13,12,11,5,1,16,0]
143;1;[0,5,11,13,14,12,16]
143;16;[1,13,5,11,14,12,0]
143;5;[16,1,11,12,0,14,13]
143;13;[14,16,11,5,1,0,12]
143;0;[1,12,11,14,13,5,16]
143;12;[5,16,0,13,14,7,1]
143;11;[16,1,5,0,12,13,14]
144;5;[0,14,13,11,12,16,1]
144;0;[5,11,14,1,13,16,12]
144;14;[5,11,1,13,16,12,0]
144;16;[11,13,5,0,14,12,1]
144;12;[1,5,0,14,16,11,13]
144;1;[13,0,16,12,5,11,14]
144;11;[13,5,14,12,1,0,16]
144;13;[11,1,14,5,0,16,12]
145;13;[11,16,5,12,14,0,1]
145;16;[12,13,5,14,1,11,0]
145;11;[0,16,1,13,5,14,12]
145;5;[14,12,11,0,16,1,13]
145;1;[11,0,5,16,12,14,13]
145;14;[0,1,13,16,11,12,5]
145;0;[16,5,12,11,14,13,1]
145;12;[16,5,11,14,0,1,13]
146;14;[1,0,12,16,13,11,5]
146;5;[13,14,11,16,12,0,1]
146;12;[0,14,11,1,16,5,13]
146;13;[11,5,16,12,14,1,0]
146;11;[16,5,1,0,13,14,12]
146;16;[1,12,13,0,14,11,5]
146;0;[13,1,14,12,11,16,5]
146;1;[13,16,14,5,12,0,11]
147;5;[12,11,0,1,16,13,14]
147;13;[14,1,5,12,0,11,16]
147;14;[1,13,5,0,12,16,11]
147;16;[13,14,5,11,0,12,1]
147;1;[13,11,14,16,12,0,5]
147;0;[11,13,16,5,14,12,1]
147;11;[0,12,5,1,16,13,14]
147;12;[11,0,5,16,14,1,13]
148;0;[12,13,5,1,14,16,11]
148;5;[0,13,12,1,11,14,16]
148;16;[11,1,13,5,0,12,14]
148;13;[14,11,16,1,5,0,12]
148;14;[0,13,16,11,12,5,1]
148;11;[0,16,14,12,1,5,13]
148;1;[12,11,5,14,0,13,16]
148;12;[1,13,5,11,0,16,14]
149;1;[14,0,13,5,11,12,16]
149;0;[13,14,11,12,5,16,1]
149;5;[13,11,12,1,16,0,14]
149;16;[0,14,13,11,1,5,12]
149;13;[5,0,16,12,11,1,14]
149;14;[13,16,0,1,11,5,12]
149;12;[0,16,11,14,1,13,5]
149;11;[5,12,0,14,16,1,13]
150;2;[8,7,9,19,5,13,10]
150;18;[16,5,0,12,14,17,10]
150;16;[18,5,6,0,12,14,11]
150;19;[5,2,4,9,8,15,13]
150;14;[5,0,11,1,16,18,6]
150;13;[5,0,11,12,16,1,15]
150;15;[9,7,16,1,12,13,11]
150;12;[1,16,0,11,14,3,13]
150;10;[8,19,2,18,16,5,0]
150;9;[8,15,19,4,13,16,11]
150;6;[12,13,1,16,5,0,18]
150;3;[11,17,18,12,1,16,13]
150;11;[1,13,12,0,14,16,5]
150;1;[12,15,11,16,14,13,0]
150;5;[16,12,13,1,0,14,11]
150;0;[14,1,12,11,13,5,16]
151;12;[13,3,11,14,1,5,18]
151;19;[9,10,18,16,2,13,1]
151;16;[3,5,18,6,14,13,0]
151;5;[0,16,12,2,10,14,11]
151;0;[1,5,16,18,13,19,6]
151;14;[1,5,18,11,16,6,12]
151;15;[13,12,1,11,7,5,6]
151;10;[18,16,2,5,0,19,9]
151;9;[11,19,13,16,8,15,4]
151;3;[12,1,13,16,18,5,6]
151;6;[18,5,16,13,19,1,15]
151;1;[0,15,13,14,5,18,16]
151;11;[5,1,14,16,12,13,3]
151;2;[10,8,7,5,0,16,14]
151;18;[10,16,0,12,14,11,5]
151;13;[1,19,6,15,0,16,3]
152;6;[19,15,13,7,18,0,16]
152;0;[13,19,16,1,10,6,15]
152;3;[18,5,14,12,16,0,13]
152;19;[13,9,18,16,2,1,10]
152;10;[18,2,9,19,13,0,16]
152;16;[2,0,5,13,19,3,18]
152;2;[10,5,14,16,13,0,3]
152;14;[11,12,16,1,18,3,5]
152;5;[0,14,2,18,12,15,11]
152;13;[19,6,0,3,11,16,2]
152;9;[19,4,13,11,14,12,5]
152;18;[3,5,16,2,10,14,1]
152;1;[18,5,0,15,13,16,14]
152;11;[14,9,13,4,19,6,12]
152;15;[7,6,19,13,12,14,11]
152;12;[15,14,1,5,11,9,13]
153;12;[15,5,9,13,14,1,11]
153;6;[0,19,13,7,16,15,12]
153;2;[5,16,10,19,0,3,13]
153;15;[12,19,13,14,6,0,7]
153;18;[3,14,16,2,5,15,12]
153;5;[12,15,18,14,2,10,16]
153;3;[5,16,18,14,13,2,11]
153;9;[14,4,19,10,11,13,12]
153;13;[3,11,18,16,2,5,10]
153;11;[13,12,15,5,9,19,0]
153;1;[5,14,18,0,19,9,6]
153;19;[9,0,10,6,15,11,13]
153;16;[18,0,5,2,13,3,11]
153;14;[1,3,11,5,12,15,18]
153;10;[13,19,0,18,2,16,5]
153;0;[19,9,6,15,10,11,1]
154;19;[11,0,9,6,15,10,2]
154;2;[16,13,19,10,5,18,14]
154;6;[0,12,19,13,16,15,7]
154;18;[15,5,2,14,16,3,13]
154;13;[9,3,5,16,10,19,2]
154;5;[2,14,10,16,3,13,18]
154;10;[11,19,2,0,9,5,13]
154;0;[9,19,6,15,10,11,1]
154;3;[13,5,2,18,16,11,14]
154;1;[19,14,0,9,11,13,12]
154;11;[9,19,0,13,12,15,6]
154;16;[3,2,11,18,5,13,9]
154;15;[7,0,19,6,12,5,11]
154;12;[15,6,7,11,9,19,14]
154;9;[11,13,12,19,16,3,1]
154;14;[18,12,11,3,13,5,2]
155;3;[14,2,5,12,9,13,1]
155;18;[16,5,2,3,13,9,11]
155;6;[15,7,0,16,13,9,18]
155;13;[2,18,11,10,9,16,1]
155;9;[13,1,19,10,12,3,14]
155;1;[0,9,19,13,2,18,11]
155;11;[6,15,12,16,18,9,13]
155;16;[13,9,18,6,11,15,12]
155;14;[12,5,2,18,11,13,3]
155;15;[7,12,6,0,5,11,9]
155;12;[11,15,14,9,13,1,19]
155;19;[10,0,11,2,9,1,13]
155;2;[5,16,10,13,18,11,9]
155;10;[13,2,19,9,16,0,1]
155;0;[1,9,6,10,19,2,13]
155;5;[2,3,14,10,13,18,16]
156;5;[3,14,9,18,13,11,16]
156;9;[12,1,2,19,3,13,10]
156;11;[13,6,15,18,5,3,16]
156;1;[18,13,11,9,12,2,19]
156;12;[19,9,14,3,15,16,11]
156;3;[14,2,9,12,13,5,18]
156;2;[18,11,13,9,12,19,3]
156;10;[13,9,12,3,0,19,6]
156;0;[19,6,13,9,16,1,10]
156;14;[5,3,2,12,11,19,9]
156;16;[15,6,11,9,18,5,13]
156;13;[11,18,10,9,12,1,2]
156;6;[15,16,9,0,19,10,13]
156;18;[5,3,16,13,15,6,11]
156;19;[9,1,11,2,0,13,10]
156;15;[16,13,11,6,12,19,9]
157;11;[5,15,3,16,9,6,18]
157;6;[16,0,19,9,13,2,1]
157;12;[14,15,11,9,16,18,6]
157;1;[18,13,11,9,16,6,2]
157;18;[5,3,11,13,15,6,16]
157;15;[16,12,11,13,9,2,1]
157;2;[6,9,18,11,12,13,1]
157;13;[1,15,12,11,2,6,9]
157;16;[9,18,6,2,11,5,12]
157;10;[9,6,13,12,3,19,0]
157;3;[9,5,18,2,14,19,12]
157;0;[6,13,16,1,10,9,19]
157;19;[9,0,10,6,13,14,12]
157;14;[12,3,5,19,9,0,10]
157;5;[3,18,14,9,6,16,2]
157;9;[16,6,2,5,13,1,12]
158;3;[14,11,6,9,16,19,10]
158;15;[12,13,6,2,1,9,16]
158;6;[5,2,16,9,0,19,18]
158;11;[9,3,6,16,18,14,1]
158;10;[19,0,14,3,12,16,18]
158;13;[6,2,9,1,12,11,15]
158;1;[9,6,16,2,15,11,3]
158;14;[19,0,3,12,5,9,10]
158;16;[2,18,9,6,11,13,12]
158;12;[18,9,6,10,0,16,2]
158;19;[14,10,3,9,6,12,0]
158;18;[3,11,13,6,5,2,16]
158;9;[16,6,1,12,2,13,5]
158;0;[10,6,9,13,19,14,3]
158;2;[16,13,18,1,6,0,9]
158;5;[3,18,14,9,6,2,16]
159;2;[9,13,18,5,16,12,6]
159;15;[9,13,2,5,1,11,3]
159;11;[9,1,6,3,19,14,10]
159;19;[3,14,10,9,6,12,0]
159;9;[5,15,2,1,13,14,12]
159;16;[10,2,6,18,5,9,12]
159;10;[12,14,19,0,16,6,2]
159;6;[16,2,5,18,12,0,3]
159;5;[9,6,16,3,18,14,2]
159;3;[19,18,6,2,5,11,1]
159;14;[10,11,3,1,9,5,15]
159;18;[5,6,2,16,12,3,11]
159;12;[18,9,5,16,10,2,6]
159;1;[11,3,6,16,15,9,13]
159;0;[10,3,19,6,16,2,5]
159;13;[6,2,12,11,15,1,9]
160;5;[6,2,0,16,18,3,15]
160;14;[11,15,10,3,9,1,12]
160;3;[18,15,9,1,13,5,11]
160;13;[15,6,2,12,11,1,9]
160;2;[16,5,6,13,12,9,10]
160;6;[16,19,18,12,0,5,2]
160;9;[1,14,12,15,13,11,3]
160;15;[9,13,2,1,3,11,18]
160;10;[2,6,12,14,19,0,16]
160;11;[19,3,18,9,1,14,12]
160;19;[14,3,0,10,6,2,16]
160;0;[16,3,2,5,10,6,19]
160;18;[16,5,6,3,10,2,12]
160;12;[9,10,2,18,16,5,6]
160;1;[9,14,12,11,3,13,15]
160;16;[6,2,12,5,10,18,3]
161;13;[1,15,3,2,12,9,14]
161;3;[15,5,11,1,9,14,13]
161;2;[16,12,5,13,1,15,9]
161;18;[6,12,0,19,16,10,5]
161;19;[3,10,16,2,6,0,5]
161;15;[13,3,5,1,18,6,9]
161;0;[6,3,2,5,10,16,19]
161;9;[1,3,13,11,14,15,5]
161;12;[2,18,5,6,9,16,10]
161;10;[16,6,19,2,12,14,0]
161;1;[13,9,15,14,12,11,3]
161;6;[0,5,2,12,19,18,16]
161;11;[9,14,1,13,15,3,5]
161;5;[6,3,18,16,15,1,13]
161;16;[10,3,12,2,18,6,5]
161;14;[11,1,15,12,9,3,13]
162;14;[13,9,3,15,12,11,1]
162;2;[16,15,13,6,18,1,12]
162;3;[13,9,11,15,5,14,1]
162;6;[19,10,5,18,13,15,0]
162;19;[10,16,0,5,2,6,18]
162;10;[16,0,2,12,6,19,18]
162;11;[3,1,14,13,9,15,2]
162;5;[18,13,15,3,6,19,10]
162;1;[14,12,3,13,9,15,11]
162;12;[15,2,13,18,5,6,16]
162;15;[5,9,3,1,18,13,2]
162;0;[16,3,2,6,19,10,5]
162;13;[9,15,11,2,5,14,1]
162;18;[5,16,6,0,12,15,2]
162;9;[14,3,5,1,13,15,2]
162;16;[6,12,18,10,2,13,15]
163;14;[3,1,15,12,11,9,13]
163;3;[1,9,13,11,14,15,5]
163;2;[16,19,6,0,10,12,18]
163;5;[6,19,18,9,13,15,10]
163;15;[13,18,2,12,3,1,9]
163;0;[10,6,5,2,16,12,19]
163;12;[18,2,16,1,13,6,3]
163;18;[2,5,12,16,6,15,13]
163;11;[9,13,15,2,14,1,3]
163;16;[6,18,13,15,2,19,12]
163;6;[19,5,0,10,13,15,9]
163;1;[9,3,11,15,13,12,2]
163;19;[18,10,6,2,15,12,16]
163;10;[19,0,18,16,2,5,6]
163;9;[13,14,15,5,6,19,10]
163;13;[6,1,3,11,15,9,12]
164;6;[13,5,10,9,12,1,2]
164;19;[6,2,12,15,18,3,1]
164;14;[13,11,3,1,9,15,5]
164;2;[0,16,19,11,1,14,12]
164;9;[13,15,14,11,5,3,6]
164;16;[2,19,12,13,1,6,3]
164;1;[13,11,3,12,15,18,19]
164;15;[3,18,19,1,13,12,2]
164;3;[1,15,13,5,9,10,6]
164;0;[19,16,12,10,6,5,2]
164;10;[6,5,18,0,19,16,2]
164;13;[1,16,6,3,12,5,11]
164;11;[3,14,1,13,6,2,0]
164;12;[2,1,13,3,15,6,5]
164;5;[3,6,10,1,9,13,16]
164;18;[12,2,13,5,15,3,19]
165;5;[9,3,6,13,10,1,16]
165;10;[6,5,19,16,18,0,2]
165;15;[19,1,12,2,3,13,18]
165;9;[5,3,6,13,14,11,2]
165;2;[11,0,12,16,19,14,9]
165;11;[2,0,3,14,13,16,5]
165;14;[11,2,0,12,9,3,5]
165;19;[0,6,18,15,2,10,1]
165;18;[3,12,13,15,1,19,2]
165;13;[11,6,19,3,16,5,12]
165;16;[13,5,9,3,12,6,2]
165;1;[15,13,11,19,0,6,18]
165;6;[5,19,3,15,13,11,12]
165;3;[1,5,15,9,6,19,12]
165;0;[2,16,6,10,19,15,18]
165;12;[6,2,15,16,13,11,19]
166;2;[18,15,14,0,19,10,11]
166;18;[19,1,15,2,3,6,5]
166;15;[2,18,14,12,16,13,6]
166;3;[6,19,18,15,12,16,13]
166;19;[18,6,0,15,2,1,10]
166;16;[5,6,13,12,2,15,3]
166;13;[11,19,6,3,12,16,5]
166;10;[0,19,18,6,13,9,3]
166;14;[11,2,0,12,3,9,6]
166;11;[13,2,14,5,16,6,3]
166;6;[13,9,3,19,12,10,5]
166;5;[16,6,3,19,13,11,1]
166;0;[19,10,18,16,2,15,14]
166;12;[2,15,3,6,13,11,16]
166;9;[2,6,13,3,19,5,14]
166;1;[0,6,18,15,5,16,19]
167;16;[0,3,13,15,18,12,2]
167;10;[19,9,6,0,3,12,18]
167;12;[15,2,6,13,16,0,3]
167;18;[3,19,15,12,2,11,16]
167;14;[6,9,0,2,11,16,18]
167;15;[12,2,19,1,10,18,3]
167;6;[5,9,10,13,3,1,19]
167;2;[11,16,18,14,19,6,15]
167;5;[11,16,3,13,1,6,19]
167;19;[6,2,15,9,10,1,13]
167;9;[14,13,3,19,6,15,2]
167;13;[16,11,3,19,6,2,15]
167;0;[2,15,19,10,16,13,3]
167;1;[6,19,9,10,0,5,11]
167;3;[12,16,10,18,19,9,11]
167;11;[5,6,2,3,12,16,10]
168;19;[2,15,9,1,6,18,13]
168;2;[18,16,14,6,11,19,15]
168;13;[6,1,5,19,2,15,9]
168;18;[16,15,3,12,11,2,14]
168;15;[19,6,18,2,0,16,3]
168;9;[6,15,2,19,3,16,10]
168;12;[3,10,15,2,16,0,14]
168;5;[11,1,16,13,2,6,19]
168;10;[3,9,19,6,12,16,0]
168;6;[19,1,5,9,10,13,2]
168;16;[0,3,2,13,15,12,10]
168;14;[2,18,16,6,9,0,3]
168;0;[3,14,16,2,12,15,19]
168;3;[16,10,9,15,6,19,11]
168;1;[5,6,10,19,9,2,15]
168;11;[10,16,5,3,2,18,14]
169;11;[18,2,3,16,14,10,12]
169;9;[2,3,19,10,12,15,0]
169;19;[15,1,13,2,11,18,9]
169;14;[2,0,18,16,3,11,9]
169;15;[19,0,18,9,3,6,13]
169;12;[18,16,0,2,5,13,19]
169;5;[13,6,1,9,2,18,19]
169;3;[11,9,14,0,16,10,12]
169;1;[19,2,9,15,5,13,6]
169;2;[5,13,19,18,11,15,12]
169;13;[6,15,9,2,5,19,18]
169;10;[12,11,18,2,3,9,19]
169;6;[1,13,2,15,0,19,5]
169;18;[2,15,14,12,10,16,0]
169;16;[10,0,3,11,9,12,18]
169;0;[14,15,19,12,18,16,10]
170;5;[1,6,19,9,18,2,13]
170;3;[10,9,16,14,19,15,11]
170;1;[5,15,19,2,9,13,6]
170;11;[18,2,3,16,14,10,9]
170;15;[6,9,19,0,18,12,16]
170;18;[12,10,2,14,3,0,15]
170;16;[3,18,10,11,9,12,0]
170;9;[19,15,10,2,3,16,14]
170;12;[18,16,13,19,0,2,5]
170;10;[11,19,12,3,9,16,14]
170;14;[11,3,0,9,18,12,10]
170;6;[5,15,0,1,13,19,2]
170;2;[13,5,1,6,12,16,19]
170;13;[19,6,2,5,15,9,1]
170;0;[15,6,9,14,18,12,16]
170;19;[15,9,2,5,13,1,6]
171;19;[1,2,5,3,11,10,9]
171;14;[12,10,3,9,18,15,0]
171;13;[6,1,2,15,9,19,5]
171;5;[2,19,9,1,3,12,16]
171;12;[16,0,18,2,5,19,9]
171;9;[13,5,19,15,1,3,16]
171;3;[19,9,11,10,1,2,18]
171;18;[15,0,14,3,19,9,11]
171;10;[3,11,9,19,16,14,18]
171;16;[18,12,9,3,13,5,19]
171;6;[13,15,5,19,0,18,12]
171;15;[13,6,9,19,5,0,1]
171;11;[9,3,10,2,19,5,12]
171;1;[19,5,2,15,13,6,9]
171;0;[18,12,16,9,6,13,15]
171;2;[19,5,12,16,0,11,9]
172;12;[2,5,19,6,18,10,3]
172;15;[6,13,9,19,5,0,1]
172;3;[10,19,14,18,1,15,13]
172;5;[19,12,2,1,16,13,9]
172;0;[6,9,2,15,13,5,14]
172;6;[15,0,13,19,9,5,12]
172;14;[10,18,3,0,6,9,2]
172;16;[13,9,5,12,19,3,1]
172;13;[19,9,5,1,15,6,0]
172;11;[12,2,10,19,3,9,16]
172;9;[13,5,2,19,15,0,16]
172;10;[9,14,11,16,3,18,19]
172;2;[12,11,16,9,13,5,19]
172;1;[6,9,3,19,18,15,13]
172;18;[10,3,19,14,12,2,5]
172;19;[3,16,9,5,13,11,2]
173;19;[16,3,11,5,9,2,0]
173;18;[12,3,1,14,0,10,9]
173;9;[16,0,2,13,5,19,11]
173;6;[13,12,14,9,2,1,0]
173;11;[12,19,16,10,14,3,0]
173;5;[16,9,19,15,13,1,3]
173;3;[10,1,19,14,15,18,12]
173;16;[5,9,19,2,12,18,10]
173;2;[12,9,11,13,16,5,19]
173;14;[0,10,9,2,3,18,6]
173;1;[5,3,15,13,6,12,14]
173;0;[2,9,14,6,13,12,15]
173;10;[14,3,0,9,2,11,19]
173;13;[19,15,6,9,1,5,3]
173;12;[18,10,3,16,5,6,14]
173;15;[13,1,0,14,2,9,5]
174;19;[12,16,9,2,10,11,14]
174;2;[16,6,1,14,12,11,10]
174;5;[16,15,1,13,3,9,19]
174;6;[12,14,1,0,15,2,16]
174;0;[2,15,5,6,12,14,1]
174;3;[18,1,12,19,10,11,14]
174;13;[15,5,3,19,9,1,6]
174;12;[14,6,18,10,16,2,19]
174;1;[5,6,12,14,3,15,13]
174;14;[10,3,11,6,0,9,18]
174;11;[19,10,2,16,14,6,18]
174;18;[12,1,0,14,10,3,11]
174;16;[2,19,9,5,12,14,6]
174;15;[5,13,1,14,2,0,6]
174;9;[19,16,0,2,5,15,1]
174;10;[11,3,18,14,6,19,16]
175;11;[2,10,19,3,16,18,14]
175;14;[10,11,6,0,9,3,18]
175;5;[1,15,19,16,13,3,9]
175;12;[16,19,0,15,6,10,11]
175;2;[6,0,11,1,16,19,12]
175;0;[5,6,15,12,10,16,19]
175;19;[10,16,9,2,11,14,12]
175;10;[19,11,3,14,16,2,12]
175;9;[19,1,16,5,15,0,6]
175;6;[0,12,14,1,15,2,11]
175;3;[14,11,10,18,13,6,1]
175;15;[9,0,5,6,19,1,13]
175;16;[19,12,9,2,6,0,11]
175;18;[3,14,12,1,11,2,10]
175;13;[6,5,1,3,14,11,10]
175;1;[13,6,12,15,9,0,5]
176;2;[16,6,11,1,0,15,9]
176;10;[12,19,11,3,16,2,6]
176;0;[12,15,10,16,2,6,19]
176;18;[10,14,11,3,12,19,0]
176;12;[10,18,11,14,19,15,0]
176;1;[15,0,2,9,16,5,13]
176;9;[5,15,14,3,19,0,12]
176;13;[14,11,1,9,15,0,3]
176;5;[9,19,16,15,0,1,2]
176;14;[10,18,3,13,9,5,15]
176;15;[9,1,0,6,13,19,5]
176;3;[11,10,1,6,13,14,18]
176;16;[2,6,10,12,11,0,19]
176;6;[2,0,12,11,10,18,14]
176;11;[10,18,6,19,0,12,9]
176;19;[0,12,9,18,15,10,11]
177;9;[19,0,14,12,5,1,3]
177;13;[1,15,0,14,9,18,3]
177;6;[2,10,18,14,11,19,0]
177;10;[11,12,16,6,19,2,1]
177;15;[1,5,6,19,9,12,0]
177;18;[15,19,12,0,14,11,6]
177;5;[2,15,1,13,9,19,0]
177;11;[6,0,12,2,18,15,19]
177;16;[6,12,11,19,2,10,0]
177;1;[2,13,0,9,16,5,15]
177;19;[0,15,12,9,11,5,18]
177;3;[18,13,11,9,19,0,14]
177;2;[10,0,1,19,16,11,6]
177;12;[18,0,19,14,3,9,13]
177;0;[12,19,16,15,2,10,1]
177;14;[3,9,13,1,12,18,0]
178;12;[3,13,14,18,11,19,15]
178;16;[2,6,12,0,19,10,1]
178;18;[19,11,15,12,3,13,14]
178;2;[16,0,11,6,19,10,9]
178;6;[11,19,18,14,0,2,10]
178;0;[19,3,6,2,10,1,16]
178;14;[12,3,9,1,18,0,13]
178;13;[1,3,14,12,9,19,5]
178;5;[1,13,15,19,2,9,10]
178;19;[2,9,10,5,0,3,6]
178;3;[13,9,14,0,6,2,10]
178;9;[5,3,13,14,19,18,15]
178;10;[2,16,0,19,18,9,15]
178;15;[19,11,2,6,18,5,1]
178;11;[2,6,18,19,0,12,15]
178;1;[2,13,5,0,19,3,6]
179;5;[2,15,19,9,10,1,0]
179;10;[9,2,19,16,0,6,3]
179;3;[6,0,2,10,13,14,9]
179;19;[10,15,2,9,5,0,16]
179;11;[15,6,0,2,9,19,10]
179;15;[11,5,18,12,19,2,10]
179;9;[13,5,19,3,14,18,12]
179;0;[6,3,1,16,10,2,19]
179;13;[3,9,6,0,1,19,14]
179;2;[9,10,16,0,11,19,15]
179;14;[3,1,0,13,18,9,12]
179;1;[0,19,6,5,2,13,3]
179;18;[14,9,13,19,12,15,11]
179;12;[13,3,11,19,18,14,9]
179;16;[0,1,6,19,10,15,2]
179;6;[0,2,10,19,18,11,15]
180;3;[6,0,2,10,13,14,9]
180;15;[11,5,18,12,19,2,10]
180;6;[0,2,10,19,18,11,15]
180;16;[0,1,6,19,10,15,2]
180;19;[10,15,2,9,5,0,16]
180;0;[6,3,1,16,10,2,19]
180;2;[9,10,16,0,11,19,15]
180;4;[13,11,16,1,5,9,19]
180;13;[3,9,6,0,1,19,14]
180;9;[13,5,19,3,14,18,12]
180;7;[1,13,5,0,15,6,12]
180;14;[3,1,0,13,18,9,12]
180;10;[9,2,19,16,0,6,3]
180;12;[13,3,11,19,18,14,9]
180;17;[6,1,15,18,16,3,11]
180;18;[14,9,13,19,12,15,11]
180;1;[0,19,6,5,2,13,3]
180;5;[2,15,19,9,10,1,0]
180;8;[10,19,5,13,2,7,9]
180;11;[15,6,0,2,9,19,10]
