0;8;[18,3,17]
0;15;[7]
0;1;[3,0,4]
0;0;[2,1]
0;14;[6]
0;5;[11,2,12]
0;11;[5,2,12]
0;12;[5,2,11]
1;14;[6]
1;0;[2,1]
1;1;[4,3,0]
1;15;[7]
1;8;[18,17,3]
1;12;[11,5,2]
1;5;[2,12,11]
1;11;[12,2,5]
2;14;[6]
2;15;[7]
2;8;[3,17,18]
2;0;[2,1,4,3]
2;12;[2,5,11]
2;11;[12,2,5]
2;1;[4,3,0,2]
2;5;[11,2,12]
3;14;[6]
3;1;[2,3,4,0]
3;15;[7]
3;8;[18,17,3]
3;5;[11,2,12]
3;0;[2,3,4,1]
3;11;[2,5,12]
3;12;[5,2,11]
4;14;[6]
4;0;[3,4,1,2]
4;1;[0,3,4,2]
4;15;[7]
4;8;[3,17,18]
4;12;[5,2,11]
4;5;[2,12,11]
4;11;[2,5,12]
5;14;[6]
5;0;[2,4,3,1]
5;1;[0,4,2,3]
5;15;[7]
5;8;[3,18,17]
5;11;[5,2,12]
5;12;[11,2,5]
5;5;[2,12,11]
6;14;[6]
6;15;[7]
6;8;[18,3,17]
6;0;[3,2,4,1]
6;1;[4,3,2,0]
6;11;[2,12,5]
6;12;[2,5,11]
6;5;[2,11,12]
7;14;[6]
7;0;[3,4,1,2]
7;1;[0,2,4,3]
7;15;[7]
7;8;[3,18,17]
7;11;[12,2,5]
7;12;[2,11,5]
7;5;[2,12,11]
8;14;[6]
8;0;[1,2,4,3]
8;1;[4,3,2,0]
8;15;[7]
8;8;[17,3,18]
8;11;[2,12,5]
8;12;[2,5,11]
8;5;[2,11,12]
9;14;[6]
9;0;[3,1,2,4]
9;1;[0,3,4,2]
9;15;[7]
9;8;[18,17,3]
9;11;[2,12,5]
9;12;[2,5,11]
9;5;[11,2,12]
10;11;[12,5,2]
10;14;[6]
10;1;[3,2,4,0]
10;15;[7]
10;8;[17,18,3]
10;12;[5,2,11]
10;5;[11,12,2]
10;0;[4,2,3,1]
11;14;[6]
11;0;[1,4,2,3]
11;1;[2,3,4,0]
11;15;[7]
11;8;[18,3,17]
11;11;[5,2,12]
11;12;[2,5,11]
11;5;[2,11,12]
12;14;[6]
12;0;[4,3,1,2]
12;1;[0,2,4,3]
12;15;[7]
12;8;[18,17,3]
12;11;[2,12,5]
12;12;[2,11,5]
12;5;[2,12,11]
13;14;[6]
13;15;[7]
13;8;[17,3,18]
13;0;[3,4,2,1]
13;11;[12,2,5]
13;12;[2,11,5]
13;1;[4,2,3,0]
13;5;[2,12,11]
14;14;[6]
14;0;[3,4,1,2]
14;1;[0,3,2,4]
14;15;[7]
14;8;[3,18,17]
14;5;[12,11,2]
14;11;[5,2,12]
14;12;[5,2,11]
15;14;[6]
15;0;[4,3,1,2]
15;1;[3,4,2,0]
15;15;[7]
15;8;[18,3,17]
15;11;[5,2,12]
15;12;[2,5,11]
15;5;[2,12,11]
16;14;[6]
16;15;[7]
16;8;[18,17,3]
16;12;[2,11,5]
16;5;[2,12,11]
16;0;[2,4,3,1]
16;11;[12,2,5]
16;1;[3,2,4,0]
17;14;[6]
17;15;[7]
17;8;[18,17,3]
17;0;[3,4,2,1]
17;11;[12,2,5]
17;12;[2,11,5]
17;1;[3,2,4,0]
17;5;[2,12,11]
18;14;[6]
18;0;[4,1,3,2]
18;1;[2,4,0,3]
18;15;[7]
18;8;[17,3,18]
18;12;[5,2,11]
18;5;[2,11,12]
18;11;[5,2,12]
19;14;[6]
19;15;[7]
19;8;[3,17,18]
19;0;[4,3,2,1]
19;11;[2,12,5]
19;12;[2,11,5]
19;1;[4,2,3,0]
19;5;[2,12,11]
20;11;[5,2,12]
20;14;[6]
20;0;[4,1,3,2]
20;1;[4,2,3,0]
20;15;[7]
20;8;[17,3,18]
20;5;[2,11,12]
20;12;[2,5,11]
21;14;[6]
21;0;[4,3,2,1]
21;1;[2,4,3,0]
21;15;[7]
21;8;[17,3,18]
21;11;[2,12,5]
21;12;[2,11,5]
21;5;[2,12,11]
22;14;[6]
22;15;[7]
22;8;[17,18,3]
22;12;[5,2,11]
22;0;[3,4,2,1]
22;1;[2,3,4,0]
22;11;[12,2,5]
22;5;[2,11,12]
23;14;[6]
23;1;[4,2,3,0]
23;15;[7]
23;8;[18,3,17]
23;12;[2,11,5]
23;5;[2,12,11]
23;0;[3,2,4,1]
23;11;[5,2,12]
24;11;[12,2,5]
24;14;[6]
24;15;[7]
24;8;[17,18,3]
24;0;[3,4,2,1]
24;12;[2,11,5]
24;1;[3,2,4,0]
24;5;[2,12,11]
25;11;[2,5,12]
25;14;[6]
25;0;[1,4,2,3]
25;1;[0,4,2,3]
25;15;[7]
25;8;[3,18,17]
25;12;[5,2,11]
25;5;[2,11,12]
26;14;[6]
26;0;[3,1,2,4]
26;1;[2,4,3,0]
26;15;[7]
26;8;[17,18,3]
26;12;[2,11,5]
26;11;[2,5,12]
26;5;[2,12,11]
27;14;[6]
27;1;[3,4,2,0]
27;15;[7]
27;8;[18,3,17]
27;0;[2,3,4,1]
27;11;[2,5,12]
27;12;[2,5,11]
27;5;[11,2,12]
28;14;[6]
28;0;[3,4,1,2]
28;1;[0,2,4,3]
28;15;[7]
28;8;[17,3,18]
28;11;[2,12,5]
28;12;[2,5,11]
28;5;[2,11,12]
29;14;[6]
29;0;[2,3,1,4]
29;1;[0,2,3,4]
29;15;[7]
29;8;[17,18,3]
29;5;[11,2,12]
29;11;[2,5,12]
29;12;[2,11,5]
30;14;[6]
30;15;[7]
30;10;[4,2,9,0]
30;4;[10,9,0,2,3,1]
30;8;[3,17,18]
30;18;[3,17,8]
30;1;[5,0,4,10,2,12,11]
30;11;[4,3,1,12,0,2,5]
30;12;[5,3,4,1,0,2,11]
30;5;[4,12,11,3,0,2,1]
30;0;[9,1,11,5,3,2,12]
30;2;[5,11,1,3,0,4,9]
31;2;[5,9,3,0,4,11,1]
31;14;[6]
31;10;[9,4,0,2,5]
31;0;[9,10,12,5,3,1,4]
31;15;[7]
31;1;[12,10,11,2,9,5,3]
31;4;[9,1,3,0,10,11,2]
31;12;[5,2,11,3,1,4,0]
31;18;[3,17,8]
31;8;[3,17,18]
31;11;[0,12,5,3,4,9,1]
31;5;[3,11,2,4,1,0,12]
32;18;[8,3,17]
32;8;[17,3,18]
32;15;[7]
32;2;[3,11,4,9,5,12,0]
32;14;[6]
32;11;[0,2,5,4,1,12,10]
32;4;[9,1,10,2,3,0,11]
32;12;[4,1,5,3,0,10,11]
32;0;[3,11,4,1,5,12,2]
32;5;[12,3,0,1,11,4,2]
32;10;[2,5,0,4,9,1,3]
32;1;[5,3,9,11,10,2,0]
33;1;[0,11,5,2,3,10,4]
33;10;[5,3,4,0,2,9,1]
33;18;[8,3,17]
33;2;[11,3,9,4,10,0,1]
33;11;[10,5,2,1,0,4,3]
33;0;[3,1,12,2,11,4,5]
33;14;[6]
33;15;[7]
33;8;[3,17,18]
33;5;[2,3,0,12,1,11,4]
33;4;[11,9,0,1,12,2,5]
33;12;[0,1,10,3,4,11,9]
34;14;[6]
34;11;[0,3,4,9,5,1,10]
34;15;[7]
34;4;[0,11,5,12,10,9,1]
34;8;[17,3,18]
34;2;[11,4,9,3,1,5,10]
34;10;[5,9,4,3,2,0,1]
34;1;[4,10,5,3,11,2,0]
34;0;[2,1,4,12,11,3,5]
34;5;[1,12,11,3,0,9,2]
34;18;[17,3,8]
34;12;[9,1,3,4,2,0,11]
35;2;[4,5,11,9,3,10,0]
35;14;[6]
35;8;[17,3,18]
35;0;[4,5,12,2,11,1,3]
35;18;[3,17,8]
35;15;[7]
35;4;[11,5,10,1,9,12,3]
35;12;[3,11,0,2,9,4,5]
35;10;[2,3,0,4,5,1,11]
35;1;[3,0,5,4,10,9,2]
35;11;[10,3,4,1,0,5,2]
35;5;[0,12,3,9,11,4,10]
36;2;[3,0,10,4,11,5,1]
36;10;[4,0,11,2,1,5,3]
36;11;[3,1,10,4,2,9,0]
36;4;[11,3,12,5,1,10,2]
36;14;[6]
36;1;[4,3,10,2,11,9,0]
36;15;[7]
36;0;[4,10,2,12,5,3,9]
36;12;[4,3,5,11,0,2,9]
36;5;[9,4,11,10,12,0,1]
36;18;[17,3,8]
36;8;[3,17,18]
37;18;[8,17,3]
37;4;[1,12,5,3,2,11,10]
37;10;[11,1,2,3,0,5,9]
37;2;[4,1,10,5,0,12,11]
37;1;[2,4,11,3,9,0,5]
37;12;[5,11,0,3,9,2,4]
37;11;[0,3,1,2,4,9,10]
37;5;[1,4,9,0,12,2,11]
37;14;[6]
37;15;[7]
37;8;[18,3,17]
37;0;[2,11,1,10,4,3,5]
38;14;[6]
38;0;[1,4,10,2,3,11,9]
38;5;[2,11,0,12,1,9,10]
38;10;[1,9,0,11,5,2,3]
38;4;[10,12,11,5,3,1,0]
38;15;[7]
38;12;[0,5,4,2,11,3,9]
38;1;[9,10,4,12,5,11,2]
38;18;[3,17,8]
38;2;[10,4,1,11,0,5,9]
38;11;[9,4,2,3,0,5,1]
38;8;[17,3,18]
39;18;[8,3,17]
39;14;[6]
39;1;[9,3,11,0,5,2,10]
39;15;[7]
39;10;[0,11,1,3,5,2,4]
39;5;[2,9,11,12,1,10,0]
39;8;[18,3,17]
39;2;[0,5,4,1,9,10,11]
39;4;[12,3,10,0,5,1,11]
39;0;[9,11,1,4,2,3,10]
39;11;[3,2,1,0,5,4,12]
39;12;[9,0,4,5,3,11,2]
40;14;[6]
40;1;[5,11,10,3,9,4,0]
40;10;[3,12,4,11,2,1,0]
40;0;[4,1,2,9,3,10,12]
40;2;[4,10,11,12,1,3,5]
40;12;[11,5,9,3,4,2,0]
40;5;[2,9,12,10,0,11,1]
40;8;[3,17,18]
40;15;[7]
40;4;[0,1,5,10,3,12,11]
40;18;[3,17,8]
40;11;[12,1,10,5,4,2,9]
41;15;[7]
41;14;[6]
41;10;[0,4,3,11,12,2,1]
41;2;[12,11,10,3,1,4,0]
41;1;[5,9,11,2,10,12,0]
41;18;[3,17,8]
41;4;[11,3,9,1,10,2,12]
41;0;[9,10,1,3,4,5,11]
41;12;[2,9,3,5,10,1,0]
41;11;[4,10,12,5,9,1,3]
41;8;[17,3,18]
41;5;[1,10,0,2,9,12,11]
42;8;[17,3,18]
42;18;[17,3,8]
42;14;[6]
42;11;[9,4,1,10,12,5,3]
42;1;[0,9,5,11,2,10,12]
42;12;[1,9,10,11,4,0,5]
42;4;[12,1,10,3,2,0,11]
42;15;[7]
42;5;[1,2,0,12,10,11,9]
42;0;[1,5,4,11,9,3,12]
42;10;[11,4,1,3,12,5,2]
42;2;[11,1,10,12,0,4,9]
43;1;[9,0,11,2,10,12,4]
43;14;[6]
43;10;[5,2,11,3,1,9,12]
43;12;[0,11,10,2,5,9,1]
43;0;[1,11,5,12,4,9,3]
43;5;[0,11,2,4,12,10,3]
43;15;[7]
43;8;[17,3,18]
43;2;[1,11,0,10,12,9,4]
43;18;[3,17,8]
43;11;[4,3,1,9,5,12,2]
43;4;[11,12,1,10,0,3,2]
44;15;[7]
44;11;[9,3,5,10,4,0,2]
44;18;[3,17,8]
44;10;[2,11,3,9,12,0,5]
44;14;[6]
44;12;[5,9,0,4,10,1,2]
44;2;[9,12,11,10,0,4,3]
44;8;[3,17,18]
44;4;[3,2,1,10,12,11,9]
44;0;[4,9,1,10,2,12,11]
44;5;[2,10,12,0,4,11,1]
44;1;[12,11,4,9,0,3,5]
45;10;[12,9,0,5,2,11,3]
45;18;[3,17,8]
45;14;[6]
45;15;[7]
45;2;[0,9,10,4,12,3,11]
45;12;[1,2,10,5,4,9,0]
45;11;[4,1,3,5,10,2,0]
45;1;[5,9,3,0,10,2,4]
45;0;[9,10,4,2,12,1,11]
45;8;[18,3,17]
45;4;[10,9,11,2,5,1,12]
45;5;[4,12,1,0,11,2,9]
46;4;[5,1,10,9,11,3,12]
46;14;[6]
46;2;[12,0,11,4,10,1,5]
46;15;[7]
46;8;[17,3,18]
46;11;[10,1,5,2,0,4,12]
46;12;[0,10,1,4,5,2,11]
46;18;[17,3,8]
46;5;[2,9,10,12,0,1,4]
46;0;[12,10,5,11,2,9,3]
46;10;[0,9,12,2,3,5,11]
46;1;[5,0,4,10,9,2,12]
47;10;[0,3,4,5,11,12,2]
47;18;[3,17,8]
47;14;[6]
47;15;[7]
47;8;[17,3,18]
47;2;[12,0,1,10,5,4,11]
47;1;[9,12,2,5,0,4,3]
47;0;[3,12,5,2,10,11,1]
47;12;[4,1,10,5,11,3,0]
47;4;[9,2,11,5,1,12,10]
47;5;[2,0,10,12,9,1,4]
47;11;[4,5,9,12,1,10,3]
48;8;[17,18,3]
48;18;[17,8,3]
48;1;[9,4,0,2,12,10,5]
48;11;[1,10,5,12,4,9,3]
48;4;[1,12,11,9,5,2,10]
48;5;[10,9,1,0,11,4,12]
48;14;[6]
48;15;[7]
48;12;[10,11,0,1,9,5,3]
48;2;[11,10,12,1,4,0,5]
48;10;[0,12,11,5,3,2,1]
48;0;[11,3,2,12,5,10,9]
49;14;[6]
49;18;[17,3,8]
49;0;[10,12,9,3,5,11,4]
49;11;[3,9,10,4,2,1,5]
49;10;[12,1,4,5,9,0,3]
49;15;[7]
49;4;[9,2,1,12,11,10,3]
49;8;[3,17,18]
49;5;[9,12,3,10,0,1,2]
49;2;[5,10,4,0,11,3,9]
49;1;[12,10,4,2,5,9,0]
49;12;[3,10,1,11,9,5,0]
50;14;[6]
50;15;[7]
50;5;[0,1,10,9,3,2,11]
50;8;[3,17,18]
50;10;[4,5,9,3,1,12,2]
50;2;[11,10,9,4,5,12,0]
50;11;[5,2,10,3,1,0,12]
50;18;[3,17,8]
50;0;[9,10,5,4,11,12,1]
50;4;[9,3,10,1,12,2,11]
50;1;[0,12,10,2,9,11,4]
50;12;[1,5,10,11,3,9,0]
51;10;[4,5,1,12,2,9,3]
51;14;[6]
51;4;[10,11,9,1,2,3,0]
51;15;[7]
51;1;[9,2,0,10,11,12,4]
51;5;[10,2,1,11,9,12,0]
51;18;[3,17,8]
51;2;[0,5,11,12,4,1,3]
51;11;[1,3,2,0,10,12,5]
51;0;[9,12,10,5,1,4,11]
51;12;[0,3,9,11,1,5,2]
51;8;[17,3,18]
52;12;[11,5,1,4,2,9,0]
52;18;[17,3,8]
52;0;[9,4,10,12,11,5,1]
52;14;[6]
52;1;[10,11,3,12,0,2,5]
52;15;[7]
52;11;[12,1,2,10,3,5,0]
52;8;[18,3,17]
52;5;[12,2,9,11,1,10,3]
52;2;[12,3,1,5,11,4,0]
52;10;[3,5,9,4,2,11,1]
52;4;[1,0,9,3,10,2,12]
53;10;[1,9,5,4,2,3,11]
53;18;[8,17,3]
53;2;[0,3,4,10,12,9,1]
53;14;[6]
53;15;[7]
53;4;[1,3,12,11,0,5,2]
53;8;[17,3,18]
53;11;[10,12,3,9,5,2,1]
53;1;[3,12,5,11,10,2,0]
53;12;[0,1,11,9,4,10,2]
53;0;[4,12,1,10,5,11,2]
53;5;[10,9,3,0,4,11,1]
54;0;[2,11,5,12,4,1,10]
54;14;[6]
54;11;[10,3,9,1,12,2,5]
54;1;[12,2,3,0,11,5,4]
54;15;[7]
54;2;[10,4,1,9,3,12,0]
54;8;[17,3,18]
54;10;[0,4,11,9,3,5,1]
54;12;[11,9,4,3,5,2,10]
54;18;[17,3,8]
54;4;[5,3,10,2,11,12,1]
54;5;[0,9,1,2,10,12,4]
55;18;[3,8,17]
55;4;[10,3,2,0,9,1,11]
55;14;[6]
55;2;[4,3,12,11,10,5,0]
55;15;[7]
55;11;[10,3,12,4,5,0,1]
55;8;[18,17,3]
55;1;[2,11,3,5,4,12,0]
55;0;[12,10,1,3,2,9,4]
55;10;[11,0,9,5,2,1,12]
55;12;[10,3,9,4,2,5,11]
55;5;[1,10,4,9,3,11,12]
56;18;[17,3,8]
56;11;[0,5,3,4,2,10,1]
56;14;[6]
56;4;[11,1,0,3,12,10,5]
56;15;[7]
56;10;[9,5,1,12,0,2,3]
56;8;[18,17,3]
56;12;[10,5,3,9,4,2,11]
56;0;[1,4,12,10,11,2,9]
56;2;[11,4,12,10,3,0,1]
56;1;[11,2,4,12,3,5,10]
56;5;[4,12,9,3,1,11,2]
57;14;[6]
57;0;[2,9,4,11,1,12,10]
57;1;[2,5,4,12,10,3,11]
57;2;[10,12,4,0,1,11,5]
57;15;[7]
57;10;[9,3,0,4,5,11,1]
57;4;[11,1,10,2,0,12,5]
57;12;[3,5,10,9,4,2,0]
57;5;[1,2,12,9,10,4,11]
57;18;[17,3,8]
57;8;[3,17,18]
57;11;[3,4,0,1,5,2,12]
58;18;[8,3,17]
58;10;[3,0,5,4,11,1,12]
58;15;[7]
58;14;[6]
58;8;[17,18,3]
58;2;[11,0,1,5,12,10,9]
58;12;[3,11,10,4,9,0,1]
58;1;[2,5,3,4,10,0,11]
58;4;[10,0,11,5,2,12,1]
58;0;[1,10,4,9,12,2,3]
58;11;[1,0,3,4,5,10,12]
58;5;[12,10,1,4,11,9,2]
59;12;[1,11,10,0,4,3,9]
59;14;[6]
59;1;[10,11,4,3,5,12,2]
59;5;[11,2,10,4,9,1,0]
59;0;[3,2,1,12,10,4,9]
59;15;[7]
59;8;[17,3,18]
59;11;[3,4,12,5,10,1,0]
59;18;[3,17,8]
59;2;[9,5,0,12,4,1,11]
59;4;[0,1,11,5,10,2,9]
59;10;[0,12,11,1,3,4,2]
60;4;[5,19,11,3,1,9,2]
60;9;[2,12,11,1,10,3,19]
60;6;[13,14,2,18,9,3]
60;14;[13,2,6]
60;15;[3,16,7]
60;11;[1,17,4,12,3,8,18]
60;5;[4,19,17,12,3,0,18]
60;10;[0,2,5,11,18,3,12]
60;3;[12,8,10,9,7,16,15]
60;18;[4,17,2,8,10,3,12]
60;0;[11,5,8,3,12,1,4]
60;1;[17,2,5,3,10,18,8]
60;12;[8,18,11,17,3,0,4]
60;7;[16,15,3,18,4,11]
60;2;[11,5,4,3,9,12,17]
60;8;[4,12,18,3,2,0,11]
61;10;[8,1,2,17,5,18,4]
61;9;[19,2,12,11,10,0,5]
61;5;[17,2,19,0,12,3,4]
61;18;[9,11,1,4,10,3,5]
61;7;[18,4,3,11,16,15]
61;1;[3,8,5,10,15,18,12]
61;2;[11,4,7,5,10,8,18]
61;6;[9,14,2,13,18,3,4]
61;11;[1,3,4,17,18,8,12]
61;12;[3,0,18,17,4,2,5]
61;0;[4,1,11,8,5,10,17]
61;14;[13,2,6]
61;15;[16,7,18,4,3,8]
61;3;[9,15,7,10,1,4,19]
61;4;[1,9,19,17,12,8,11]
61;8;[4,18,0,2,12,3,11]
62;6;[4,18,2,13,3,19,15]
62;9;[11,5,10,2,4,12,8]
62;15;[16,7,3,18,8,11,12]
62;12;[4,3,11,1,18,10,9]
62;3;[4,6,14,9,1,18,8]
62;7;[18,16,15,4,11,17,8]
62;0;[11,5,8,17,10,1,18]
62;2;[14,6,13,4,8,11,17]
62;1;[12,19,10,8,5,4,17]
62;18;[12,2,17,0,1,3,15]
62;4;[5,19,8,3,18,9,11]
62;5;[0,17,9,12,2,4,7]
62;8;[0,15,16,4,12,2,1]
62;14;[6,13,2,18,11,0]
62;11;[7,3,16,12,0,17,5]
62;10;[8,11,1,5,12,15,18]
63;15;[11,7,12,18,8,0,2]
63;6;[13,15,4,3,18,2,19]
63;3;[1,18,8,9,11,12,10]
63;10;[18,4,11,0,5,8,1]
63;8;[1,2,11,6,13,4,9]
63;11;[7,8,16,18,12,2,0]
63;18;[15,0,17,10,12,11,4]
63;12;[11,15,3,19,5,7,0]
63;5;[0,7,1,12,17,4,16]
63;9;[2,8,3,14,10,18,12]
63;14;[18,2,6,13,11,16,3]
63;2;[17,8,16,4,12,3,11]
63;1;[4,10,8,19,5,2,12]
63;4;[18,2,6,8,15,3,1]
63;0;[18,11,17,10,12,3,2]
63;7;[18,15,4,17,11,12,0]
64;18;[15,0,17,4,6,2,8]
64;10;[0,18,5,1,11,16,3]
64;7;[0,12,4,18,17,15,8]
64;3;[11,14,6,16,12,15,19]
64;11;[9,8,10,4,0,2,12]
64;9;[10,3,2,12,14,6,13]
64;6;[2,4,19,15,12,0,7]
64;15;[2,6,13,18,7,11,0]
64;0;[17,11,16,12,2,8,9]
64;1;[10,2,19,4,3,18,11]
64;2;[0,9,18,17,8,4,6]
64;14;[9,18,8,10,3,2,12]
64;4;[8,1,10,5,7,12,17]
64;8;[9,11,1,13,2,16,3]
64;5;[1,0,16,4,11,15,8]
64;12;[11,5,0,7,3,4,17]
65;2;[6,0,18,17,16,15,11]
65;18;[2,17,4,0,15,11,6]
65;11;[14,3,9,4,13,1,10]
65;6;[19,7,12,2,8,4,18]
65;15;[8,0,5,1,2,19,6]
65;10;[18,5,3,0,1,14,8]
65;0;[17,16,11,12,9,2,8]
65;8;[16,9,3,2,13,1,11]
65;5;[10,11,0,15,2,17,13]
65;12;[11,3,0,17,7,15,8]
65;1;[17,7,5,11,2,19,14]
65;4;[17,7,0,1,8,18,19]
65;7;[18,17,12,11,4,1,5]
65;9;[11,0,8,10,3,12,16]
65;3;[9,13,10,11,2,8,12]
65;14;[3,2,12,10,16,4,18]
66;1;[19,11,14,5,7,2,17]
66;18;[15,0,19,7,4,1,12]
66;7;[12,5,11,17,18,8,2]
66;9;[3,11,0,18,16,8,13]
66;0;[2,8,12,17,4,7,1]
66;6;[4,18,7,17,15,0,2]
66;2;[16,6,11,17,15,1,19]
66;3;[1,5,14,8,2,16,13]
66;15;[2,12,4,5,17,11,10]
66;10;[9,11,12,0,3,13,2]
66;5;[10,2,13,15,0,16,8]
66;4;[14,12,2,0,16,9,11]
66;8;[1,3,11,12,9,14,4]
66;11;[1,14,13,9,10,8,18]
66;14;[10,3,16,4,17,18,7]
66;12;[7,3,17,15,18,6,16]
67;10;[4,12,17,2,16,1,6]
67;18;[7,12,11,1,17,5,19]
67;2;[12,3,10,11,13,0,4]
67;4;[11,12,9,16,14,7,10]
67;15;[5,16,0,2,10,9,13]
67;11;[1,7,5,18,13,15,8]
67;12;[7,8,11,15,0,5,2]
67;6;[2,4,7,17,15,12,11]
67;5;[2,10,8,13,15,17,12]
67;7;[11,17,18,5,2,12,15]
67;3;[14,5,2,16,8,12,1]
67;14;[17,4,0,2,10,12,3]
67;0;[1,8,17,2,14,12,3]
67;1;[18,0,12,4,11,8,9]
67;9;[4,18,11,19,8,3,14]
67;8;[11,3,13,9,0,16,4]
68;18;[5,1,11,7,12,17,19]
68;10;[16,2,6,1,17,4,7]
68;6;[11,7,17,12,3,1,2]
68;7;[12,18,15,17,5,13,10]
68;4;[16,7,14,11,9,10,12]
68;14;[10,4,2,12,17,3,5]
68;0;[1,11,18,8,3,9,16]
68;8;[13,11,16,9,0,12,2]
68;3;[16,14,0,10,4,12,11]
68;2;[10,3,13,5,8,12,15]
68;11;[13,8,15,7,1,12,4]
68;15;[10,0,9,2,16,5,8]
68;12;[7,14,6,4,5,13,15]
68;9;[18,11,14,19,8,3,13]
68;5;[15,10,0,17,12,2,11]
68;1;[5,13,0,14,8,3,4]
69;10;[16,7,17,4,2,6,1]
69;4;[10,7,16,9,19,3,8]
69;11;[16,7,3,15,14,0,5]
69;8;[9,2,11,13,12,6,3]
69;2;[5,10,12,13,3,4,16]
69;12;[4,2,8,0,16,3,17]
69;18;[1,6,7,17,13,0,8]
69;9;[8,18,14,15,2,0,5]
69;1;[11,12,19,0,16,3,9]
69;0;[11,1,4,13,14,18,5]
69;6;[12,11,7,17,1,0,5]
69;3;[12,0,2,15,11,4,8]
69;7;[18,17,13,15,0,9,10]
69;14;[10,2,12,5,6,13,7]
69;15;[2,11,8,4,9,12,13]
69;5;[12,2,10,17,11,16,7]
70;5;[12,11,10,16,7,15,9]
70;3;[7,2,4,8,19,12,0]
70;7;[13,5,2,12,15,9,4]
70;6;[0,5,18,8,1,16,9]
70;14;[6,10,7,12,16,4,0]
70;10;[2,6,16,17,4,9,12]
70;2;[5,13,16,3,11,15,8]
70;9;[1,15,11,8,12,2,7]
70;18;[7,17,13,0,14,11,6]
70;4;[19,10,7,1,8,9,11]
70;11;[14,3,5,16,15,10,9]
70;12;[2,17,14,13,3,10,7]
70;1;[19,6,5,17,9,14,18]
70;8;[2,6,13,4,10,9,16]
70;0;[1,4,5,13,18,8,7]
70;15;[13,11,0,14,8,19,5]
71;11;[16,14,15,9,3,5,10]
71;0;[16,9,10,7,13,18,14]
71;5;[16,2,3,15,0,8,13]
71;1;[9,5,19,18,13,7,16]
71;9;[7,1,8,10,15,11,13]
71;8;[2,14,19,4,7,10,1]
71;18;[6,5,17,1,14,0,8]
71;15;[13,9,7,12,6,5,11]
71;3;[19,2,4,0,7,12,10]
71;12;[13,14,7,2,17,3,19]
71;6;[16,1,8,9,18,0,11]
71;2;[8,0,4,5,13,7,12]
71;4;[10,11,1,8,9,18,5]
71;10;[6,16,17,9,2,11,12]
71;14;[0,16,12,6,10,7,13]
71;7;[2,14,4,0,16,5,12]
72;11;[16,9,8,10,14,13,7]
72;7;[18,8,13,15,12,5,6]
72;1;[13,9,5,18,7,19,16]
72;3;[12,4,19,0,10,16,18]
72;8;[14,7,1,19,2,5,13]
72;0;[13,3,2,7,5,12,16]
72;10;[11,2,5,14,16,13,6]
72;2;[12,13,7,16,8,4,10]
72;18;[0,6,1,17,5,13,16]
72;6;[18,1,0,11,15,3,10]
72;14;[0,6,12,3,2,10,4]
72;9;[10,15,7,1,13,11,6]
72;15;[7,0,14,16,5,8,3]
72;5;[3,18,14,15,13,9,11]
72;4;[9,18,1,10,17,16,6]
72;12;[13,17,19,14,15,11,0]
73;7;[13,6,18,15,5,12,8]
73;4;[1,9,6,17,16,14,3]
73;14;[11,9,8,13,4,15,1]
73;3;[16,4,0,12,18,10,19]
73;6;[3,9,13,10,11,5,16]
73;1;[19,9,7,18,5,13,16]
73;12;[0,11,15,13,17,14,4]
73;0;[7,16,5,3,2,12,13]
73;2;[16,10,4,13,8,19,14]
73;10;[13,2,12,7,14,19,4]
73;5;[13,18,17,1,9,4,11]
73;15;[0,7,5,14,16,8,13]
73;18;[1,0,6,16,5,14,15]
73;11;[10,7,16,14,6,3,4]
73;8;[19,15,3,0,2,11,16]
73;9;[13,5,14,18,6,11,15]
74;18;[14,0,6,16,1,19,13]
74;7;[18,12,13,15,5,6,8]
74;15;[16,8,2,5,17,1,9]
74;2;[10,19,16,8,4,14,13]
74;1;[16,18,5,15,14,9,11]
74;14;[10,12,7,2,15,5,16]
74;5;[8,7,14,4,6,11,3]
74;3;[12,10,16,19,4,9,1]
74;0;[2,13,12,7,3,5,16]
74;11;[14,10,7,6,4,12,17]
74;10;[6,3,9,14,11,8,1]
74;12;[14,4,17,11,15,0,13]
74;9;[1,7,16,5,17,4,11]
74;6;[17,14,1,10,19,12,13]
74;8;[11,3,19,16,15,13,4]
74;4;[16,5,1,13,17,6,9]
75;18;[6,16,1,0,14,19,13]
75;9;[1,11,16,5,3,8,7]
75;8;[3,19,16,4,9,6,5]
75;11;[12,7,6,17,10,1,9]
75;4;[3,12,16,19,8,15,13]
75;15;[16,8,9,1,5,6,7]
75;2;[10,8,16,13,14,5,15]
75;14;[7,10,15,9,12,4,17]
75;7;[13,12,15,8,5,6,4]
75;10;[8,3,11,4,12,14,19]
75;6;[14,12,17,1,15,18,16]
75;1;[9,5,11,14,6,13,19]
75;5;[15,2,16,7,18,13,12]
75;3;[10,19,16,13,17,0,2]
75;12;[11,0,13,14,1,6,7]
75;0;[5,12,13,3,4,1,10]
76;4;[15,3,16,8,12,19,13]
76;3;[10,16,19,17,0,5,12]
76;14;[4,12,9,10,15,7,17]
76;9;[6,7,1,19,13,11,14]
76;6;[12,1,14,16,18,13,19]
76;12;[1,14,11,13,7,5,15]
76;7;[4,8,13,12,0,6,1]
76;10;[14,4,12,3,19,11,7]
76;0;[5,12,4,1,13,3,2]
76;11;[10,8,14,1,16,19,6]
76;15;[16,6,5,8,7,9,1]
76;18;[13,6,1,12,14,17,15]
76;1;[8,13,11,17,10,15,16]
76;8;[4,5,19,9,11,3,7]
76;5;[16,15,7,18,2,10,14]
76;2;[14,16,15,8,13,5,12]
77;4;[3,13,15,8,12,16,19]
77;15;[9,6,7,5,2,14,10]
77;6;[1,14,16,7,8,4,12]
77;0;[13,4,5,2,3,19,16]
77;5;[4,1,19,2,16,10,11]
77;3;[5,10,12,17,0,1,13]
77;9;[19,13,14,17,10,4,12]
77;7;[12,6,18,0,13,10,11]
77;2;[15,12,13,5,10,8,7]
77;10;[4,1,16,8,7,19,12]
77;8;[7,18,16,11,19,1,6]
77;1;[13,17,12,14,10,5,3]
77;12;[5,7,13,1,10,16,15]
77;18;[15,12,13,14,1,7,19]
77;14;[19,9,15,6,11,18,17]
77;11;[10,14,16,8,9,5,3]
78;18;[14,7,19,1,15,12,13]
78;8;[16,11,1,18,6,12,14]
78;6;[4,16,7,13,11,8,19]
78;7;[12,15,14,0,10,4,19]
78;9;[15,14,5,13,11,3,10]
78;4;[3,8,15,16,0,5,2]
78;10;[12,1,8,16,7,5,18]
78;0;[19,2,13,16,3,4,12]
78;11;[8,5,16,9,2,4,15]
78;3;[5,1,10,17,0,19,4]
78;14;[11,9,18,17,15,2,10]
78;12;[13,1,3,7,8,6,0]
78;1;[5,19,11,2,12,10,16]
78;15;[14,6,11,19,2,13,8]
78;5;[2,10,4,16,1,3,17]
78;2;[5,7,10,15,12,9,17]
79;18;[1,15,19,14,7,12,13]
79;7;[4,10,19,12,15,14,0]
79;6;[4,8,3,5,13,15,14]
79;0;[12,2,13,3,4,19,16]
79;9;[10,5,15,14,13,11,16]
79;11;[4,6,10,3,1,12,5]
79;8;[12,14,16,6,11,1,18]
79;3;[17,0,1,4,19,5,10]
79;4;[15,2,19,11,5,16,8]
79;12;[7,3,13,10,16,1,11]
79;2;[15,12,9,7,17,5,10]
79;10;[14,17,9,12,6,8,0]
79;14;[18,2,11,10,7,1,8]
79;15;[8,11,19,6,16,7,4]
79;5;[16,2,15,12,3,17,0]
79;1;[19,12,3,8,11,0,9]
80;12;[11,10,7,16,0,19,3]
80;15;[6,19,7,8,16,4,11]
80;8;[6,1,16,11,12,14,18]
80;6;[2,4,15,13,19,10,17]
80;5;[12,0,2,3,15,16,17]
80;9;[11,15,5,14,2,10,18]
80;7;[10,15,17,18,19,14,12]
80;3;[5,0,10,17,1,11,12]
80;4;[11,5,16,6,3,15,19]
80;18;[1,15,13,7,5,6,9]
80;0;[3,4,2,16,12,1,11]
80;1;[9,12,19,14,8,3,4]
80;2;[15,9,10,17,7,19,12]
80;10;[14,11,4,3,6,8,2]
80;14;[8,9,13,16,1,0,11]
80;11;[3,1,5,10,8,0,12]
81;7;[12,19,10,18,15,14,17]
81;4;[11,16,19,3,1,10,0]
81;3;[17,4,6,15,10,11,8]
81;18;[6,15,9,7,5,1,13]
81;0;[3,1,12,4,2,11,5]
81;14;[8,13,0,9,1,11,16]
81;10;[0,3,11,5,2,12,16]
81;9;[14,11,15,18,2,7,12]
81;11;[1,2,10,0,16,8,14]
81;6;[4,19,13,17,15,7,16]
81;8;[1,9,14,19,11,3,2]
81;2;[10,5,14,15,11,7,4]
81;12;[7,19,5,2,10,17,0]
81;1;[19,3,12,4,8,11,18]
81;15;[16,19,2,17,7,6,10]
81;5;[3,15,16,17,12,0,11]
82;18;[1,5,6,9,7,17,15]
82;6;[15,17,4,7,19,13,16]
82;7;[10,14,12,19,18,13,1]
82;10;[0,16,15,2,5,11,17]
82;11;[0,10,1,2,16,14,9]
82;5;[17,12,3,15,10,0,2]
82;14;[9,18,7,11,8,0,10]
82;9;[15,14,2,12,0,8,3]
82;8;[1,11,2,19,9,16,15]
82;2;[14,10,5,15,7,19,17]
82;12;[5,7,19,10,2,0,17]
82;3;[5,4,0,10,8,1,11]
82;1;[8,18,19,3,15,12,5]
82;4;[10,16,3,11,8,6,17]
82;0;[1,4,5,16,17,3,19]
82;15;[16,2,4,14,10,11,12]
83;18;[7,5,1,6,15,9,17]
83;0;[3,5,16,19,11,14,1]
83;8;[2,9,1,16,14,10,11]
83;5;[0,15,17,2,14,7,10]
83;7;[1,12,19,13,14,11,0]
83;10;[11,0,17,15,16,14,4]
83;11;[2,4,17,6,0,1,8]
83;4;[6,7,13,11,9,16,14]
83;3;[0,5,16,17,1,8,18]
83;9;[8,2,12,15,16,11,10]
83;1;[15,12,19,3,11,10,4]
83;12;[19,5,10,17,2,0,16]
83;6;[13,15,17,19,16,4,10]
83;14;[10,7,18,8,15,19,2]
83;2;[15,14,12,7,19,3,0]
83;15;[9,3,14,0,10,2,19]
84;6;[17,4,13,15,10,19,16]
84;4;[9,13,16,14,2,15,10]
84;18;[5,1,17,7,6,15,9]
84;12;[5,2,0,10,16,7,11]
84;11;[1,2,6,4,0,8,17]
84;14;[19,4,6,11,8,9,15]
84;7;[3,14,15,12,17,19,5]
84;5;[3,1,8,7,12,13,14]
84;1;[12,4,11,19,15,14,10]
84;3;[7,0,1,18,15,9,10]
84;10;[4,17,15,0,16,8,11]
84;9;[2,12,16,8,1,11,14]
84;2;[14,15,12,0,19,7,5]
84;0;[11,5,14,19,3,17,15]
84;15;[19,1,12,3,5,16,7]
84;8;[2,16,14,19,10,4,17]
85;6;[17,4,15,10,13,19,16]
85;18;[6,17,1,7,5,15,9]
85;10;[8,11,4,17,3,9,1]
85;11;[0,6,8,2,1,10,19]
85;3;[1,0,15,7,18,10,16]
85;1;[19,15,14,12,11,4,17]
85;4;[10,15,2,16,8,19,17]
85;0;[15,19,17,3,11,5,14]
85;14;[6,19,9,16,15,5,3]
85;15;[1,12,7,19,14,4,8]
85;8;[17,10,2,16,4,13,9]
85;9;[8,2,1,12,14,4,11]
85;2;[5,0,14,12,11,10,16]
85;12;[11,15,16,5,13,3,19]
85;7;[15,12,17,19,5,14,3]
85;5;[1,8,13,7,15,12,0]
86;6;[4,16,15,10,17,13,19]
86;7;[15,17,19,5,12,3,14]
86;14;[9,6,19,16,3,0,18]
86;3;[10,17,11,8,18,9,1]
86;10;[8,9,1,4,3,15,5]
86;12;[5,15,16,13,2,14,10]
86;18;[7,5,6,3,15,10,1]
86;5;[1,13,0,7,12,15,8]
86;0;[15,11,3,5,14,19,17]
86;2;[4,8,10,13,12,19,3]
86;9;[11,1,12,2,16,5,0]
86;1;[14,17,11,12,19,15,8]
86;15;[7,1,17,8,9,13,16]
86;4;[2,17,15,16,19,8,10]
86;11;[1,0,10,6,2,4,14]
86;8;[17,15,1,2,19,9,14]
87;2;[12,3,13,19,4,6,17]
87;3;[19,14,9,1,15,8,12]
87;11;[6,4,0,10,1,17,15]
87;1;[11,14,2,5,15,16,9]
87;7;[3,6,16,5,13,1,8]
87;9;[12,10,8,1,0,17,3]
87;6;[15,16,19,10,17,13,4]
87;8;[9,2,15,1,14,17,19]
87;12;[5,15,16,14,18,0,8]
87;0;[19,9,12,1,3,8,18]
87;10;[4,8,19,9,0,2,16]
87;15;[8,17,13,1,3,6,7]
87;14;[11,16,12,13,3,10,0]
87;18;[5,6,10,7,1,19,3]
87;4;[17,8,2,10,15,9,5]
87;5;[8,12,0,15,7,17,14]
88;5;[0,8,12,7,14,15,17]
88;6;[7,1,3,10,13,11,0]
88;18;[3,5,19,6,16,4,17]
88;11;[1,4,17,6,15,18,7]
88;12;[14,5,18,16,3,1,19]
88;1;[16,15,6,7,19,4,17]
88;10;[2,9,0,19,16,4,5]
88;7;[1,16,13,3,19,15,12]
88;2;[13,19,17,3,15,9,0]
88;15;[13,1,2,14,11,9,5]
88;14;[17,9,15,3,12,4,0]
88;9;[0,3,17,8,15,1,19]
88;8;[17,9,10,14,12,0,16]
88;3;[2,7,14,6,11,0,9]
88;4;[9,5,2,8,15,17,10]
88;0;[18,1,12,19,3,13,2]
89;1;[15,4,19,16,9,3,8]
89;2;[15,9,19,13,3,0,11]
89;7;[16,13,12,3,15,1,19]
89;12;[5,18,3,14,1,16,19]
89;3;[7,14,6,9,2,17,15]
89;18;[19,3,4,16,17,0,12]
89;6;[1,3,10,7,13,11,18]
89;0;[15,17,14,12,3,18,6]
89;9;[7,1,19,17,15,14,11]
89;5;[14,12,8,0,13,2,3]
89;11;[7,15,4,17,6,0,3]
89;10;[4,2,5,0,16,8,17]
89;4;[5,9,2,15,17,8,16]
89;15;[2,5,13,9,0,6,7]
89;14;[4,9,15,0,1,7,19]
89;8;[14,12,0,4,5,10,19]
90;13;[12,1,0,7,6,3,15]
90;16;[7,4,12,13,1,9,8]
90;19;[15,13,0,18,4,3,7]
90;2;[12,8,4,19,18,0,3]
90;8;[7,4,6,17,11,18,3]
90;5;[12,13,19,17,1,2,8]
90;1;[16,9,0,4,17,15,8]
90;15;[16,3,7,8,11,19,0]
90;12;[8,19,10,6,17,2,9]
90;14;[18,7,8,10,16,17,6]
90;6;[10,19,15,12,17,7,1]
90;10;[1,12,3,17,2,15,11]
90;11;[14,10,1,17,6,4,18]
90;7;[6,18,12,17,11,0,8]
90;18;[15,2,14,10,4,17,7]
90;0;[8,19,5,1,7,17,4]
90;3;[10,5,16,17,6,12,9]
90;4;[16,10,11,7,17,12,19]
90;17;[1,7,6,19,9,15,13]
90;9;[4,19,2,17,1,3,5]
91;12;[8,10,15,9,17,3,19]
91;13;[3,1,7,15,6,17,19]
91;17;[19,7,6,13,11,14,1]
91;16;[19,7,9,8,12,15,0]
91;6;[7,13,12,3,19,0,9]
91;15;[11,8,19,18,13,16,4]
91;0;[7,18,11,4,12,1,16]
91;3;[2,8,18,17,15,1,13]
91;11;[18,10,4,17,9,16,3]
91;4;[10,17,0,19,7,12,6]
91;2;[18,14,15,8,0,10,6]
91;18;[10,4,14,6,16,2,12]
91;1;[17,9,15,8,4,18,6]
91;8;[3,16,7,2,4,19,12]
91;9;[19,1,4,16,12,2,8]
91;5;[2,1,13,12,9,19,6]
91;7;[17,18,4,10,11,0,8]
91;10;[11,3,1,2,12,19,6]
91;14;[7,10,8,18,2,15,17]
91;19;[7,4,6,12,15,16,3]
92;17;[3,1,15,14,12,19,13]
92;1;[0,7,4,18,10,16,15]
92;3;[11,9,4,10,17,6,19]
92;6;[9,12,7,0,18,1,11]
92;9;[8,4,16,19,6,3,15]
92;0;[12,6,13,3,1,2,5]
92;12;[8,19,2,17,13,11,18]
92;10;[6,19,1,2,11,9,3]
92;19;[10,6,15,13,18,11,4]
92;16;[7,15,9,8,0,19,12]
92;18;[8,1,17,4,6,19,12]
92;7;[11,8,10,18,12,6,2]
92;4;[7,17,18,10,12,19,2]
92;5;[19,6,13,1,8,15,18]
92;8;[3,16,4,7,12,9,10]
92;2;[0,6,10,18,4,7,14]
92;13;[3,6,17,14,19,7,11]
92;14;[7,17,8,2,15,13,4]
92;15;[8,14,18,10,4,1,12]
92;11;[10,12,6,3,15,1,13]
93;7;[12,2,8,10,18,1,4]
93;17;[1,12,19,3,13,15,14]
93;10;[6,9,1,16,4,11,15]
93;3;[9,17,6,19,10,11,12]
93;9;[19,16,6,15,8,4,3]
93;2;[14,4,10,0,3,6,12]
93;19;[13,4,18,10,12,2,8]
93;1;[0,11,4,7,5,15,19]
93;4;[7,18,19,10,2,12,17]
93;14;[7,8,15,10,4,13,11]
93;15;[9,8,2,11,10,12,1]
93;13;[3,14,7,2,6,0,9]
93;16;[8,19,7,0,15,10,17]
93;11;[13,3,4,9,15,17,16]
93;6;[13,19,3,0,5,1,7]
93;0;[14,6,12,9,5,8,19]
93;12;[8,9,10,19,14,15,7]
93;8;[16,9,19,12,1,7,2]
93;18;[17,19,6,7,12,8,11]
93;5;[13,0,12,1,2,10,18]
94;8;[10,15,11,9,16,6,2]
94;17;[12,1,19,13,9,7,14]
94;19;[9,1,5,0,8,4,16]
94;13;[15,8,17,3,4,2,11]
94;7;[18,2,8,10,12,14,19]
94;3;[11,17,10,9,15,19,8]
94;9;[14,8,7,19,12,2,16]
94;2;[6,4,3,14,10,7,15]
94;16;[19,15,17,7,10,1,9]
94;4;[7,12,10,19,13,8,2]
94;6;[0,14,8,19,10,12,18]
94;10;[8,0,19,6,1,13,5]
94;5;[10,18,13,1,11,15,4]
94;14;[12,0,6,11,13,3,15]
94;15;[10,12,2,8,7,9,19]
94;12;[10,18,6,19,7,5,4]
94;18;[19,11,17,12,1,8,7]
94;11;[17,4,14,13,9,15,8]
94;1;[5,2,12,19,3,8,17]
94;0;[5,9,12,6,11,10,16]
95;9;[14,19,16,10,1,7,17]
95;15;[2,8,9,19,10,7,12]
95;8;[11,16,2,4,13,10,6]
95;2;[6,10,3,7,14,9,8]
95;10;[0,8,16,19,17,9,5]
95;17;[14,12,9,1,7,19,2]
95;19;[3,0,15,10,8,6,13]
95;13;[15,8,4,10,16,11,14]
95;14;[6,7,2,10,12,18,4]
95;5;[15,13,1,2,18,3,12]
95;18;[7,8,19,5,1,11,13]
95;4;[12,7,2,8,19,9,1]
95;12;[15,18,17,11,5,10,1]
95;0;[11,6,8,12,16,9,2]
95;3;[11,8,10,19,4,16,1]
95;7;[8,18,0,16,12,2,4]
95;16;[12,1,15,17,7,0,5]
95;6;[12,19,18,14,0,16,5]
95;11;[14,4,9,13,2,17,15]
95;1;[19,8,17,5,11,12,6]
96;6;[9,18,14,8,10,1,19]
96;19;[8,1,10,16,15,12,7]
96;17;[12,2,9,19,13,6,15]
96;16;[12,0,17,7,1,5,6]
96;4;[7,18,16,1,6,11,8]
96;13;[11,14,1,16,8,2,10]
96;1;[15,4,8,7,6,11,9]
96;11;[17,15,4,14,12,6,10]
96;3;[11,16,4,19,0,7,12]
96;10;[9,5,0,19,7,17,3]
96;7;[2,8,0,4,10,14,12]
96;14;[18,4,11,9,2,3,8]
96;8;[10,6,16,13,9,4,15]
96;15;[8,9,19,13,3,2,5]
96;9;[7,16,14,19,0,2,11]
96;18;[13,6,14,16,5,3,1]
96;12;[10,1,15,17,5,19,18]
96;2;[5,14,12,8,6,15,7]
96;0;[6,12,8,9,17,10,1]
96;5;[13,12,10,2,0,6,19]
97;3;[11,0,16,19,10,1,12]
97;4;[14,18,3,11,8,6,16]
97;2;[15,12,8,17,7,4,10]
97;16;[1,4,12,8,10,13,15]
97;14;[11,2,9,8,4,1,16]
97;17;[11,15,14,2,7,6,5]
97;1;[2,16,7,17,6,14,18]
97;7;[6,5,12,8,18,11,1]
97;0;[12,9,7,19,8,14,2]
97;9;[15,8,19,13,0,17,1]
97;13;[14,1,8,9,7,18,16]
97;12;[10,1,17,19,15,2,9]
97;6;[11,14,10,5,19,12,2]
97;10;[3,19,17,0,5,12,6]
97;15;[8,12,1,10,9,11,14]
97;19;[16,3,4,12,5,18,10]
97;5;[7,9,3,6,18,16,1]
97;8;[7,16,6,5,0,17,12]
97;11;[12,6,4,10,17,2,9]
97;18;[5,3,6,14,13,16,10]
98;16;[13,10,1,17,15,14,11]
98;15;[13,9,16,1,10,12,17]
98;8;[6,14,0,2,19,3,12]
98;18;[1,15,3,5,7,6,9]
98;4;[3,2,12,7,17,11,9]
98;6;[12,11,17,7,2,4,15]
98;2;[14,16,10,6,4,8,11]
98;5;[9,1,3,16,18,4,10]
98;1;[7,2,15,10,16,12,6]
98;3;[19,1,11,16,0,2,9]
98;13;[1,18,9,8,17,16,5]
98;11;[4,17,8,14,16,2,10]
98;9;[13,15,0,17,1,6,18]
98;19;[3,10,4,12,15,1,2]
98;14;[2,1,8,11,12,9,3]
98;7;[8,18,6,12,16,19,9]
98;0;[10,17,14,8,16,7,13]
98;17;[2,11,14,15,6,19,10]
98;10;[12,5,3,19,0,9,7]
98;12;[7,1,11,15,8,13,9]
99;7;[8,16,4,17,12,1,15]
99;19;[3,0,16,15,17,12,13]
99;14;[0,8,13,11,17,16,4]
99;2;[11,6,14,16,8,3,12]
99;4;[3,11,10,8,7,6,18]
99;8;[14,10,12,9,15,3,19]
99;16;[17,14,2,10,5,3,18]
99;9;[15,6,18,13,8,16,0]
99;1;[10,12,7,6,17,2,19]
99;13;[16,9,1,18,17,15,12]
99;11;[8,10,14,12,4,17,7]
99;3;[8,14,6,19,12,4,15]
99;5;[4,10,9,16,13,11,17]
99;17;[11,15,10,6,4,12,7]
99;10;[0,5,12,3,7,6,16]
99;18;[5,1,15,7,9,12,10]
99;0;[9,15,18,14,12,16,1]
99;6;[2,19,12,14,10,1,15]
99;15;[1,10,19,2,13,5,9]
99;12;[13,7,19,18,8,4,11]
100;7;[12,1,10,6,17,4,18]
100;13;[6,1,17,12,7,15,10]
100;1;[10,12,13,15,7,16,8]
100;6;[12,19,10,14,16,11,4]
100;16;[17,19,12,13,10,0,7]
100;19;[2,16,3,15,0,8,14]
100;10;[6,11,17,0,9,15,12]
100;15;[2,17,12,6,13,16,18]
100;3;[19,12,6,8,14,4,15]
100;9;[1,8,12,3,6,5,11]
100;12;[13,2,6,16,4,7,3]
100;14;[6,2,1,17,11,4,5]
100;11;[14,4,8,10,12,7,5]
100;5;[4,13,10,17,9,0,1]
100;17;[1,7,10,14,16,11,8]
100;8;[4,11,18,19,17,5,2]
100;0;[1,18,10,12,9,7,8]
100;2;[8,11,3,14,12,7,18]
100;4;[11,19,10,12,8,9,16]
100;18;[5,12,1,9,15,8,13]
101;11;[8,2,18,10,17,9,16]
101;17;[1,10,13,6,12,7,18]
101;4;[10,12,9,11,8,19,5]
101;7;[17,11,8,18,9,15,5]
101;9;[8,5,1,11,6,3,19]
101;2;[12,8,7,3,11,5,10]
101;14;[1,4,5,6,19,16,12]
101;18;[5,8,0,1,10,15,13]
101;16;[10,19,0,15,12,4,6]
101;13;[16,17,15,11,10,1,7]
101;19;[2,6,16,4,12,3,15]
101;10;[12,13,11,4,7,6,17]
101;1;[8,18,12,9,13,16,7]
101;5;[4,13,17,1,12,7,16]
101;15;[2,19,16,12,4,3,7]
101;3;[14,9,12,19,8,17,2]
101;12;[2,6,13,15,18,16,10]
101;0;[10,9,8,18,12,7,13]
101;6;[12,10,0,11,19,3,16]
101;8;[17,4,10,19,14,15,16]
102;9;[8,5,11,6,3,12,14]
102;1;[9,12,7,8,4,14,16]
102;8;[16,15,4,11,9,12,6]
102;18;[5,11,10,13,17,7,1]
102;14;[6,12,19,16,5,15,17]
102;16;[0,12,10,19,15,4,9]
102;4;[0,5,8,15,10,17,1]
102;5;[13,7,10,16,14,4,1]
102;19;[4,3,15,16,2,6,11]
102;7;[15,2,3,5,11,13,1]
102;3;[8,17,9,1,2,10,11]
102;6;[12,15,16,18,10,17,11]
102;0;[9,13,8,12,2,11,16]
102;15;[19,4,2,12,6,16,10]
102;13;[16,5,4,10,7,6,11]
102;11;[2,16,9,7,15,8,17]
102;10;[1,12,15,6,4,19,13]
102;2;[3,19,17,7,9,18,11]
102;12;[15,7,3,10,13,17,4]
102;17;[13,7,18,1,10,16,4]
103;2;[3,18,11,17,9,6,8]
103;0;[11,16,13,8,9,7,3]
103;16;[11,7,17,4,1,0,13]
103;6;[15,11,16,18,10,19,1]
103;15;[4,6,16,2,10,13,17]
103;19;[15,16,2,4,10,8,9]
103;3;[9,1,17,11,5,7,15]
103;5;[4,10,14,16,6,15,17]
103;17;[7,18,16,4,5,15,1]
103;18;[13,10,7,5,1,4,16]
103;4;[3,10,15,7,11,8,16]
103;13;[10,6,7,11,17,9,2]
103;7;[15,2,5,3,1,17,14]
103;10;[1,0,7,9,13,12,17]
103;1;[10,19,15,6,9,12,11]
103;12;[8,5,14,10,4,1,0]
103;8;[15,12,9,4,19,6,3]
103;9;[14,1,4,12,17,3,15]
103;11;[8,10,2,16,0,9,15]
103;14;[12,19,16,5,10,13,1]
104;16;[9,6,10,7,14,1,3]
104;6;[11,16,17,15,9,5,14]
104;7;[15,17,1,2,3,18,9]
104;8;[9,11,10,2,12,0,1]
104;17;[4,7,16,5,15,6,2]
104;2;[17,7,15,5,3,11,9]
104;11;[1,6,12,8,0,15,19]
104;14;[19,10,16,13,7,11,1]
104;19;[10,4,8,2,16,11,13]
104;18;[10,7,5,4,12,15,3]
104;4;[11,16,18,13,8,15,6]
104;12;[8,3,6,15,1,10,19]
104;0;[11,9,16,13,8,12,19]
104;13;[1,10,6,17,15,14,12]
104;15;[10,16,13,17,1,18,4]
104;10;[17,7,12,0,9,13,2]
104;9;[12,15,14,3,7,4,10]
104;3;[15,2,8,9,17,1,4]
104;1;[12,0,14,11,10,16,8]
104;5;[15,4,16,6,0,10,11]
105;8;[12,9,10,0,2,3,15]
105;14;[19,6,17,11,15,12,8]
105;0;[10,7,17,2,16,3,14]
105;7;[3,18,12,10,15,17,13]
105;16;[1,9,0,12,8,14,11]
105;5;[6,10,0,17,16,2,4]
105;3;[11,5,7,1,10,0,14]
105;10;[2,13,12,9,0,8,11]
105;11;[16,1,8,10,6,15,5]
105;19;[11,16,13,2,4,18,8]
105;18;[15,3,5,7,17,9,1]
105;9;[4,3,10,14,15,2,7]
105;12;[8,15,13,10,6,7,14]
105;13;[14,17,15,12,3,1,19]
105;2;[1,11,12,3,17,15,9]
105;17;[2,7,15,4,6,5,11]
105;6;[0,13,19,10,12,8,15]
105;15;[13,9,12,4,1,17,8]
105;4;[13,15,5,6,11,1,0]
105;1;[10,17,4,11,6,18,14]
106;9;[15,7,10,4,13,1,11]
106;13;[19,1,3,17,15,11,5]
106;17;[0,12,4,1,10,6,11]
106;19;[11,13,2,8,0,12,15]
106;7;[12,3,13,17,19,8,16]
106;3;[5,10,0,14,1,16,18]
106;16;[8,11,12,1,17,4,10]
106;6;[13,0,8,10,15,9,17]
106;18;[3,17,15,9,1,14,6]
106;4;[15,2,17,14,5,6,10]
106;2;[11,9,1,12,10,14,6]
106;14;[6,8,15,17,7,18,12]
106;5;[17,16,0,4,9,3,1]
106;10;[8,11,6,16,1,12,14]
106;1;[7,10,3,5,17,13,15]
106;11;[17,4,15,10,9,13,2]
106;12;[2,6,13,8,9,15,4]
106;0;[10,16,2,17,1,14,19]
106;8;[19,4,16,12,0,17,7]
106;15;[19,12,8,14,17,3,11]
107;14;[2,11,10,12,13,15,9]
107;15;[4,10,5,8,7,16,12]
107;8;[15,17,3,0,2,10,16]
107;9;[15,11,13,4,17,6,5]
107;12;[15,9,2,8,6,1,14]
107;19;[0,7,3,2,11,10,12]
107;3;[5,18,14,9,16,10,12]
107;16;[8,11,3,14,4,15,10]
107;11;[4,10,17,15,9,13,1]
107;7;[3,17,16,19,13,15,11]
107;2;[4,8,13,14,18,7,17]
107;4;[9,7,1,15,11,3,12]
107;10;[11,14,16,1,3,0,13]
107;17;[6,0,2,16,1,10,13]
107;18;[1,17,15,6,3,16,0]
107;6;[9,13,8,10,15,19,11]
107;0;[12,19,5,9,17,10,1]
107;1;[8,6,12,5,17,9,4]
107;5;[4,13,16,15,1,0,8]
107;13;[2,4,10,5,3,1,16]
108;6;[19,2,9,13,5,11,12]
108;17;[19,9,11,8,0,3,2]
108;9;[6,13,15,19,10,11,1]
108;15;[5,13,1,12,19,2,0]
108;7;[4,3,11,17,18,0,16]
108;13;[5,11,8,1,9,14,15]
108;10;[3,14,13,16,0,12,17]
108;8;[2,15,10,16,17,7,13]
108;11;[10,17,15,13,14,2,4]
108;5;[0,8,4,16,15,12,7]
108;0;[19,10,1,11,12,6,4]
108;2;[18,13,5,3,16,1,4]
108;3;[14,10,5,9,17,13,15]
108;18;[1,16,15,17,6,10,0]
108;4;[3,11,9,15,1,7,13]
108;1;[5,9,6,12,2,14,8]
108;19;[3,0,2,10,11,7,17]
108;14;[10,2,12,9,13,3,5]
108;16;[3,4,11,10,14,15,8]
108;12;[1,5,10,15,16,4,17]
109;14;[15,13,10,9,4,19,7]
109;6;[2,18,16,19,1,12,14]
109;19;[3,17,0,8,11,13,14]
109;17;[9,7,13,10,12,16,0]
109;16;[18,0,17,14,1,3,5]
109;1;[5,2,9,8,6,11,13]
109;15;[5,12,2,19,0,10,4]
109;5;[7,15,0,4,8,17,2]
109;11;[0,12,10,14,2,3,16]
109;10;[0,14,13,17,2,19,3]
109;13;[1,14,5,10,9,8,7]
109;8;[16,5,12,13,2,18,1]
109;2;[6,9,12,13,15,11,8]
109;7;[4,0,11,17,9,8,19]
109;3;[15,10,5,17,7,18,0]
109;9;[15,13,14,12,10,11,17]
109;0;[6,19,15,13,11,2,4]
109;4;[9,1,11,13,12,16,5]
109;12;[5,1,15,17,10,4,3]
109;18;[17,6,1,10,16,15,3]
110;17;[0,19,11,9,15,13,12]
110;3;[10,5,18,15,16,1,17]
110;13;[9,0,2,10,11,8,18]
110;2;[6,15,8,9,10,12,11]
110;9;[16,4,1,15,0,19,5]
110;11;[12,16,10,3,14,7,15]
110;18;[16,15,6,3,7,5,0]
110;7;[19,11,13,1,17,10,0]
110;5;[12,10,1,0,6,2,19]
110;15;[4,9,11,13,0,2,6]
110;4;[12,5,16,9,2,17,11]
110;14;[11,0,2,12,13,7,8]
110;19;[13,0,14,10,3,17,16]
110;12;[6,19,1,5,17,4,8]
110;10;[17,0,14,2,19,11,8]
110;6;[19,0,11,12,4,5,15]
110;16;[18,17,5,1,8,2,13]
110;0;[5,8,7,6,2,18,1]
110;8;[5,2,12,16,13,1,9]
110;1;[9,11,16,3,0,13,14]
111;17;[10,11,4,12,2,15,6]
111;9;[1,19,16,4,17,12,11]
111;0;[16,14,13,8,9,11,12]
111;16;[8,13,1,18,5,2,19]
111;5;[2,10,11,17,8,16,9]
111;13;[7,11,8,2,10,15,6]
111;7;[18,16,6,5,11,10,9]
111;3;[11,7,14,15,12,9,17]
111;11;[7,10,0,3,17,15,18]
111;4;[0,9,17,19,12,5,1]
111;2;[12,7,13,8,5,16,1]
111;8;[1,13,10,0,7,5,19]
111;6;[12,11,15,19,0,1,8]
111;19;[10,3,13,0,8,2,6]
111;1;[13,9,11,3,0,7,19]
111;10;[8,14,5,2,0,17,19]
111;15;[6,3,10,18,13,7,11]
111;18;[3,15,0,7,13,10,1]
111;14;[13,11,0,8,2,15,9]
111;12;[8,17,19,4,16,13,0]
112;13;[2,6,1,0,15,3,7]
112;7;[16,11,0,15,9,12,17]
112;6;[12,1,8,15,0,16,13]
112;10;[17,4,11,6,8,1,0]
112;9;[8,11,2,12,7,13,4]
112;8;[7,10,17,5,11,9,2]
112;12;[1,0,14,8,16,19,6]
112;19;[0,4,9,5,14,12,17]
112;3;[15,17,12,7,5,6,10]
112;14;[2,13,0,15,9,1,7]
112;17;[6,15,2,12,10,0,14]
112;0;[18,1,3,13,12,2,9]
112;16;[5,1,18,13,11,10,8]
112;2;[7,16,8,1,5,12,19]
112;15;[18,10,13,8,11,3,17]
112;11;[5,8,9,16,7,14,10]
112;1;[0,19,9,11,13,16,7]
112;4;[12,0,1,19,10,6,8]
112;5;[8,7,1,19,11,15,13]
112;18;[13,7,15,0,11,10,12]
113;7;[16,12,11,15,17,6,0]
113;10;[17,7,9,16,18,4,8]
113;11;[4,10,18,8,15,17,3]
113;4;[12,6,10,8,1,0,18]
113;14;[15,19,5,12,9,4,1]
113;0;[1,7,16,11,13,12,3]
113;8;[5,1,15,19,17,0,9]
113;15;[18,8,10,11,14,16,4]
113;1;[13,19,9,0,10,2,6]
113;13;[3,7,2,15,5,0,1]
113;12;[14,3,7,15,19,17,9]
113;16;[8,2,19,10,5,1,0]
113;19;[17,9,14,0,1,12,16]
113;9;[1,7,13,8,0,14,15]
113;17;[7,3,16,14,8,2,10]
113;18;[0,13,12,11,7,6,8]
113;5;[15,19,11,13,7,8,2]
113;6;[16,0,13,1,12,8,19]
113;3;[15,17,10,5,12,1,6]
113;2;[13,1,6,3,16,18,10]
114;19;[0,16,17,14,15,5,1]
114;9;[14,7,1,0,15,18,8]
114;16;[7,17,15,0,12,13,11]
114;10;[8,3,12,6,15,9,0]
114;3;[1,2,13,10,17,4,16]
114;1;[13,2,19,6,9,10,16]
114;18;[8,6,0,13,12,7,2]
114;7;[16,12,6,19,18,11,8]
114;13;[1,0,2,15,7,5,8]
114;15;[19,14,12,4,5,8,7]
114;17;[11,3,18,2,16,6,13]
114;12;[4,18,1,8,15,9,5]
114;2;[17,7,8,10,3,15,5]
114;6;[19,12,8,1,0,3,16]
114;5;[13,3,1,0,15,10,19]
114;8;[15,1,19,0,6,7,10]
114;14;[19,4,1,15,18,16,11]
114;11;[0,13,1,17,10,7,3]
114;0;[13,8,9,17,11,18,3]
114;4;[10,0,6,12,19,3,17]
115;19;[7,0,17,15,12,14,10]
115;10;[9,12,0,15,19,5,8]
115;13;[3,1,4,2,5,0,15]
115;16;[13,7,0,17,12,15,11]
115;4;[3,12,10,6,19,14,5]
115;2;[8,1,13,6,7,11,16]
115;3;[11,0,1,13,16,7,17]
115;7;[6,8,15,10,19,1,3]
115;6;[0,8,3,12,1,5,15]
115;9;[0,1,7,18,8,14,4]
115;0;[3,11,18,13,8,7,15]
115;8;[1,0,9,3,7,12,17]
115;1;[6,9,10,19,2,15,5]
115;11;[17,1,10,16,7,3,2]
115;15;[19,11,0,16,5,13,10]
115;14;[16,9,0,18,12,7,8]
115;17;[11,2,18,13,1,5,0]
115;18;[12,5,8,1,4,6,9]
115;5;[13,8,2,15,1,4,6]
115;12;[9,16,8,18,19,14,2]
116;10;[19,11,7,2,15,0,5]
116;7;[8,19,10,17,6,0,13]
116;13;[2,3,0,1,4,10,12]
116;9;[1,7,4,0,14,18,8]
116;3;[16,19,0,1,6,12,15]
116;17;[11,5,0,2,7,8,1]
116;16;[7,17,15,3,0,14,19]
116;19;[12,11,3,1,5,6,15]
116;8;[16,17,9,5,2,6,13]
116;12;[16,9,14,19,2,18,0]
116;18;[0,6,4,15,5,12,16]
116;11;[8,15,13,19,10,0,5]
116;6;[1,18,9,3,4,13,16]
116;1;[2,9,10,19,13,0,7]
116;5;[6,13,15,4,8,1,12]
116;14;[9,1,4,0,12,15,18]
116;2;[16,6,17,18,13,11,3]
116;15;[10,8,9,11,17,6,7]
116;0;[14,11,9,8,3,1,7]
116;4;[5,15,2,3,7,11,17]
117;7;[17,0,14,8,5,9,6]
117;9;[1,14,4,8,0,11,3]
117;17;[2,11,8,7,13,19,0]
117;1;[7,10,6,13,14,0,9]
117;10;[0,15,9,2,11,6,13]
117;11;[19,5,0,8,17,16,6]
117;16;[0,14,17,3,6,1,19]
117;2;[17,18,10,15,3,16,19]
117;18;[6,0,4,15,12,9,2]
117;14;[12,9,18,15,0,1,10]
117;15;[9,11,17,8,6,10,2]
117;0;[10,12,13,7,17,4,14]
117;19;[1,3,15,5,13,6,8]
117;12;[9,19,0,18,5,4,16]
117;4;[11,5,8,6,1,12,15]
117;13;[0,9,4,3,2,1,10]
117;5;[8,16,13,6,4,2,7]
117;6;[3,4,16,1,2,0,19]
117;3;[2,17,18,6,16,19,15]
117;8;[11,15,10,5,1,12,3]
118;12;[5,18,2,15,16,3,14]
118;6;[0,3,19,14,10,11,9]
118;13;[19,8,5,2,3,17,16]
118;9;[14,11,3,15,17,10,6]
118;7;[9,8,17,6,5,13,4]
118;17;[0,4,13,8,3,10,15]
118;16;[17,9,1,15,12,18,0]
118;10;[2,13,0,6,4,16,1]
118;4;[6,12,9,1,0,8,13]
118;18;[6,0,4,9,12,19,16]
118;11;[6,8,17,0,19,1,13]
118;1;[8,5,15,12,0,17,10]
118;2;[18,13,0,1,19,3,6]
118;15;[10,6,11,2,8,9,4]
118;19;[15,11,5,6,13,0,4]
118;3;[17,2,19,18,16,6,1]
118;14;[15,16,3,19,0,7,13]
118;0;[4,9,1,6,7,17,11]
118;5;[13,2,6,7,14,0,9]
118;8;[12,4,15,1,10,9,0]
119;13;[16,8,19,5,17,2,18]
119;15;[14,3,13,1,10,8,5]
119;19;[6,13,4,5,18,0,17]
119;16;[12,18,9,17,3,0,15]
119;3;[1,18,2,0,13,6,10]
119;17;[6,0,1,7,15,8,4]
119;8;[10,4,6,12,3,14,16]
119;5;[7,0,13,6,2,8,16]
119;0;[19,15,11,17,16,4,10]
119;2;[1,5,14,9,3,6,17]
119;1;[0,17,12,15,16,7,6]
119;11;[19,8,1,0,6,10,4]
119;10;[16,6,4,13,0,2,3]
119;9;[14,11,3,17,1,8,16]
119;12;[2,5,8,14,15,9,3]
119;4;[9,0,1,13,8,12,15]
119;6;[18,11,13,17,19,5,0]
119;7;[17,13,9,6,14,2,1]
119;18;[12,9,16,19,0,3,11]
119;14;[8,11,19,12,16,2,18]
120;15;[8,13,5,14,19,2,12]
120;8;[10,11,1,19,4,0,9]
120;16;[17,12,0,9,3,15,18]
120;6;[19,13,17,5,11,10,8]
120;12;[14,15,9,5,13,6,7]
120;14;[15,10,1,3,18,16,19]
120;11;[1,6,18,0,8,16,4]
120;4;[14,16,12,1,6,7,15]
121;14;[18,15,3,10,19,5,17]
121;16;[17,12,3,11,1,0,10]
121;6;[17,8,19,1,12,9,14]
121;11;[6,8,4,16,15,9,0]
121;12;[15,7,13,6,4,16,17]
121;15;[8,19,2,5,0,7,16]
121;8;[6,13,5,19,16,0,1]
121;4;[12,7,15,6,13,19,8]
122;8;[16,6,19,1,5,13,14]
122;4;[13,8,6,19,15,12,16]
122;12;[6,13,17,4,19,7,8]
122;16;[4,17,15,11,9,6,0]
122;15;[8,16,2,19,14,13,4]
122;11;[8,4,15,16,3,12,1]
122;6;[8,19,12,14,9,17,11]
122;14;[18,19,15,3,13,10,6]
123;4;[19,16,12,6,15,13,17]
123;6;[14,15,13,19,8,18,10]
123;12;[1,16,3,8,14,5,13]
123;16;[4,9,15,8,14,17,1]
123;11;[3,8,4,15,12,19,13]
123;14;[19,15,10,8,16,6,12]
123;8;[12,17,7,14,13,3,18]
123;15;[13,4,2,16,11,0,6]
124;4;[19,15,12,6,17,13,5]
124;15;[16,6,2,11,8,4,3]
124;8;[17,11,19,15,14,12,6]
124;6;[15,8,18,10,19,7,0]
124;11;[15,0,13,16,8,1,18]
124;12;[8,16,1,14,13,5,3]
124;14;[8,17,7,19,11,12,13]
124;16;[17,4,9,8,13,3,18]
125;8;[16,4,18,19,14,0,6]
125;15;[4,5,13,6,19,10,8]
125;4;[19,12,6,17,15,11,2]
125;11;[16,18,14,17,0,9,4]
125;6;[0,15,2,4,16,19,13]
125;12;[5,14,3,13,4,2,15]
125;14;[8,19,12,7,11,1,0]
125;16;[17,3,13,9,8,19,14]
126;6;[16,15,13,0,2,4,12]
126;11;[4,0,14,18,9,16,17]
126;16;[11,4,0,19,12,18,17]
126;14;[1,8,11,19,12,7,0]
126;15;[13,6,19,5,10,0,16]
126;12;[4,14,2,3,1,17,18]
126;8;[16,19,18,0,4,17,6]
126;4;[12,8,14,16,19,17,0]
127;8;[14,12,1,18,17,9,0]
127;14;[19,0,11,7,8,18,6]
127;16;[18,11,19,4,13,12,2]
127;4;[6,14,16,0,18,12,17]
127;12;[2,1,4,14,16,3,15]
127;6;[15,16,0,4,19,8,17]
127;15;[5,10,6,19,8,0,3]
127;11;[17,0,18,4,9,3,8]
128;15;[12,3,1,4,0,7,11]
128;14;[11,19,18,0,16,15,1]
128;16;[19,6,8,12,3,14,2]
128;11;[0,17,4,3,9,14,16]
128;4;[16,0,17,12,1,2,13]
128;6;[15,0,17,16,2,13,18]
128;8;[18,17,0,9,1,16,11]
128;12;[4,14,18,15,10,6,8]
129;11;[16,14,17,4,3,9,18]
129;14;[12,6,15,10,19,4,2]
129;12;[4,8,18,14,1,11,19]
129;6;[18,13,0,2,16,8,19]
129;4;[16,0,2,13,17,15,1]
129;8;[16,18,17,9,6,19,11]
129;16;[2,6,15,17,3,5,1]
129;15;[11,7,1,0,19,14,6]
130;11;[4,8,18,3,0,2,16]
130;15;[19,7,1,14,4,12,2]
130;12;[14,2,6,4,15,13,0]
130;14;[15,0,6,11,12,18,1]
130;8;[18,9,6,19,11,17,14]
130;4;[1,12,8,11,0,3,10]
130;16;[6,3,5,2,17,1,12]
130;6;[16,8,19,0,13,1,12]
131;11;[8,16,4,0,1,2,9]
131;16;[2,6,0,1,13,5,8]
131;15;[7,19,1,2,12,14,0]
131;6;[0,8,18,17,16,12,3]
131;12;[18,13,15,7,4,11,2]
131;8;[9,14,19,6,1,12,16]
131;14;[15,0,1,12,4,2,13]
131;4;[2,3,18,10,8,12,0]
132;15;[14,7,1,2,0,10,16]
132;6;[12,17,0,18,14,19,9]
132;8;[6,14,12,1,15,0,2]
132;16;[5,13,1,0,14,12,19]
132;11;[8,0,16,2,12,3,14]
132;12;[13,4,3,10,2,17,16]
132;4;[8,0,2,12,7,15,11]
132;14;[12,4,0,13,1,17,11]
133;8;[6,12,4,11,14,17,0]
133;4;[0,11,12,15,2,7,8]
133;14;[4,11,13,8,6,15,1]
133;6;[18,0,9,19,16,5,2]
133;15;[0,14,10,2,7,17,13]
133;11;[3,16,14,2,9,1,4]
133;16;[5,14,19,1,12,3,10]
133;12;[4,17,16,0,13,8,6]
134;16;[1,11,2,4,5,12,3]
134;11;[1,3,14,9,16,19,12]
134;4;[12,15,8,0,17,2,11]
134;6;[19,9,2,18,11,0,8]
134;15;[14,10,17,13,5,4,16]
134;12;[13,0,6,8,17,15,1]
134;14;[8,6,4,15,1,10,19]
134;8;[17,14,6,11,4,7,12]
135;16;[15,10,17,14,3,11,18]
135;4;[11,8,0,17,15,13,5]
135;14;[6,19,10,1,11,16,13]
135;12;[17,0,1,8,4,14,7]
135;15;[4,12,2,16,11,1,3]
135;6;[19,0,2,9,11,1,16]
135;11;[14,9,19,3,16,2,1]
135;8;[6,11,12,13,15,17,16]
136;11;[9,8,6,12,13,14,1]
136;8;[13,17,15,11,2,3,16]
136;14;[10,11,9,2,16,18,15]
136;16;[17,14,1,3,4,11,12]
136;6;[19,11,16,2,1,4,14]
136;15;[16,12,1,3,2,18,6]
136;4;[17,8,13,11,0,2,12]
136;12;[8,14,17,4,0,7,2]
137;11;[12,1,13,6,8,17,16]
137;6;[14,19,11,4,2,0,13]
137;15;[6,12,1,3,2,7,11]
137;16;[14,3,12,17,7,15,4]
137;4;[11,12,0,2,13,15,7]
137;14;[10,16,15,2,9,18,6]
137;8;[11,9,14,2,1,15,16]
137;12;[2,7,8,17,4,16,6]
138;16;[14,1,12,7,4,3,9]
138;15;[2,7,3,6,17,19,11]
138;11;[13,6,4,0,16,12,14]
138;6;[11,14,12,13,2,15,1]
138;8;[11,14,16,9,1,0,13]
138;14;[16,6,18,10,2,15,13]
138;4;[7,12,15,0,13,2,8]
138;12;[4,6,8,2,16,17,15]
139;14;[2,18,13,10,15,3,17]
139;8;[1,11,13,14,16,9,0]
139;11;[6,16,14,12,0,4,5]
139;15;[11,19,14,16,7,9,1]
139;4;[0,7,13,2,12,17,16]
139;6;[11,14,13,1,12,8,17]
139;12;[15,17,2,16,7,4,0]
139;16;[7,3,14,1,9,12,8]
140;16;[11,6,5,14,15,18,17]
140;14;[9,8,1,18,6,3,0]
140;12;[4,16,15,7,17,11,14]
140;4;[13,0,12,16,7,17,1]
140;8;[9,11,0,14,16,7,10]
140;11;[12,0,4,14,16,3,9]
140;6;[14,8,12,11,13,17,2]
140;15;[14,16,1,9,19,2,17]
141;16;[17,11,15,5,18,13,8]
141;8;[17,9,13,14,11,3,10]
141;4;[17,0,12,1,7,13,18]
141;15;[16,17,2,9,14,1,6]
141;11;[4,9,8,0,7,12,17]
141;12;[4,16,15,7,11,19,14]
141;6;[11,14,2,8,16,10,7]
141;14;[18,3,15,19,8,11,0]
142;6;[16,11,2,14,18,19,0]
142;15;[9,14,8,19,1,2,6]
142;11;[8,9,0,7,17,1,2]
142;8;[11,14,3,10,17,13,0]
142;16;[13,18,11,8,15,2,1]
142;12;[11,14,4,16,19,13,7]
142;14;[11,3,6,7,10,15,13]
142;4;[17,18,0,12,1,13,11]
143;11;[7,2,16,15,1,9,14]
143;14;[6,10,15,4,2,8,13]
143;16;[2,18,1,13,11,9,0]
143;6;[15,2,9,1,19,12,13]
143;4;[18,1,13,11,17,8,12]
143;15;[1,14,8,19,6,18,0]
143;12;[13,11,4,16,7,19,2]
143;8;[17,11,0,3,14,7,6]
144;16;[11,9,1,13,18,5,2]
144;15;[18,2,14,8,13,0,19]
144;6;[15,19,2,9,1,11,7]
144;12;[11,4,16,2,19,1,6]
144;14;[10,6,4,2,15,19,9]
144;4;[13,8,18,11,14,7,1]
144;8;[0,14,6,11,3,7,16]
144;11;[4,17,12,15,0,6,8]
145;15;[19,13,11,0,17,14,2]
145;6;[2,1,11,7,15,0,18]
145;16;[9,18,11,1,5,12,8]
145;12;[6,11,2,4,14,18,1]
145;14;[4,15,0,2,18,16,8]
145;4;[11,13,7,12,16,8,6]
145;8;[3,4,13,11,18,7,17]
145;11;[4,12,8,15,2,14,9]
146;6;[1,0,11,18,2,14,9]
146;4;[7,13,14,2,8,11,12]
146;12;[4,6,11,2,1,19,13]
146;16;[8,4,12,6,11,2,14]
146;11;[9,8,3,4,18,7,13]
146;15;[11,19,17,13,12,8,16]
146;14;[15,0,18,4,5,16,9]
146;8;[4,7,13,17,11,16,14]
147;15;[11,19,17,16,13,7,2]
147;16;[14,6,8,2,0,13,10]
147;4;[11,13,14,2,12,8,17]
147;6;[14,2,11,18,1,7,13]
147;12;[4,2,19,1,6,9,18]
147;14;[4,15,9,0,2,8,19]
147;11;[13,4,9,3,18,6,16]
147;8;[16,7,14,13,4,17,9]
148;11;[4,13,9,6,16,10,2]
148;14;[9,15,19,2,4,8,17]
148;15;[16,19,13,11,17,2,7]
148;12;[19,6,18,4,15,14,2]
148;4;[0,6,11,9,12,1,19]
148;16;[8,11,3,18,0,5,14]
148;6;[14,11,7,18,8,13,0]
148;8;[7,16,14,13,9,1,12]
149;14;[19,15,4,2,8,9,18]
149;15;[16,12,4,6,19,14,2]
149;6;[18,8,7,13,15,17,12]
149;11;[2,13,9,6,10,15,14]
149;4;[19,0,12,11,9,1,14]
149;12;[6,14,2,18,15,19,17]
149;8;[14,17,15,7,16,19,12]
149;16;[0,5,3,8,12,7,13]
150;0;[15,18,4,12,11,6,13]
150;4;[14,1,11,9,0,16,19]
150;16;[5,7,13,3,17,14,19]
150;7;[9,0,15,16,3,14,12]
150;14;[9,13,7,0,8,19,12]
150;10;[11,2,3,6,7,12,18]
150;2;[18,19,16,11,4,6,15]
150;8;[17,16,14,18,2,15,12]
150;1;[4,18,19,6,10,8,13]
150;13;[8,12,18,11,0,9,19]
150;18;[11,1,7,6,0,15,17]
150;19;[11,15,12,2,6,14,13]
150;15;[17,12,14,2,18,19,16]
150;6;[16,19,17,7,11,15,14]
150;12;[14,2,19,17,18,15,4]
150;11;[15,13,6,2,14,8,4]
151;19;[2,11,15,18,12,14,17]
151;14;[11,13,4,2,7,0,3]
151;6;[19,17,14,18,0,16,3]
151;11;[4,1,16,14,0,19,12]
151;2;[6,11,15,4,16,19,14]
151;1;[13,18,19,8,15,12,14]
151;12;[15,14,4,18,19,6,13]
151;8;[17,16,1,6,10,15,2]
151;0;[4,12,6,18,11,13,8]
151;13;[0,9,12,11,8,15,6]
151;7;[15,13,12,14,19,9,0]
151;15;[12,14,16,19,8,17,1]
151;4;[1,16,9,19,11,14,0]
151;18;[0,11,1,17,6,7,15]
151;16;[11,19,14,7,9,0,3]
151;10;[12,6,11,2,7,3,0]
152;0;[13,6,19,16,18,11,15]
152;10;[2,7,3,0,12,6,14]
152;13;[14,2,3,8,15,17,6]
152;8;[13,12,0,6,11,7,10]
152;15;[6,14,12,4,16,19,9]
152;12;[11,4,14,0,15,18,16]
152;1;[13,18,19,14,3,2,7]
152;14;[16,3,7,9,13,11,0]
152;18;[13,15,0,17,12,1,19]
152;19;[2,12,14,18,11,13,15]
152;16;[15,12,17,14,13,11,1]
152;4;[0,14,1,16,7,9,19]
152;7;[9,19,13,0,18,12,4]
152;2;[19,11,4,16,14,12,0]
152;11;[0,1,16,19,12,13,18]
152;6;[7,10,0,14,8,1,2]
153;18;[14,13,0,2,1,7,9]
153;6;[2,0,15,16,14,7,9]
153;2;[11,4,10,3,0,14,1]
153;10;[0,6,14,7,2,12,16]
153;14;[13,4,15,16,11,19,0]
153;13;[18,17,0,3,4,19,16]
153;8;[0,13,6,10,12,11,18]
153;7;[0,4,13,18,19,12,14]
153;16;[14,17,11,13,1,7,19]
153;19;[12,15,2,14,1,18,13]
153;4;[19,7,9,1,16,18,14]
153;12;[4,14,0,11,13,8,16]
153;15;[12,6,19,9,14,8,2]
153;11;[7,9,12,18,15,1,19]
153;0;[13,19,11,6,1,10,8]
153;1;[14,19,4,15,0,3,11]
154;8;[10,18,12,6,14,0,15]
154;2;[10,14,11,4,1,0,15]
154;11;[19,1,3,15,8,14,9]
154;0;[8,11,14,16,19,15,13]
154;16;[19,14,17,4,11,9,12]
154;19;[13,6,2,15,8,14,12]
154;10;[2,12,14,16,13,1,11]
154;4;[14,1,18,9,16,0,6]
154;14;[15,11,4,0,1,6,10]
154;6;[8,18,13,9,4,11,19]
154;15;[2,6,11,1,12,7,18]
154;1;[4,14,2,3,11,7,18]
154;18;[7,14,2,1,13,3,17]
154;13;[16,4,18,9,17,19,15]
154;7;[19,18,0,14,12,11,13]
154;12;[14,4,7,19,8,11,6]
155;0;[13,15,10,4,18,9,6]
155;19;[14,13,6,12,15,1,2]
155;18;[2,13,14,17,3,10,15]
155;1;[2,11,4,7,14,0,15]
155;7;[12,8,4,11,1,14,10]
155;4;[18,2,10,11,1,0,14]
155;10;[2,13,12,11,8,15,0]
155;13;[17,4,18,9,19,16,12]
155;6;[18,4,19,8,12,11,7]
155;2;[1,14,15,0,4,6,9]
155;16;[19,14,13,15,17,12,8]
155;14;[8,1,3,18,2,11,19]
155;15;[12,7,19,14,6,8,13]
155;8;[0,10,15,6,2,7,9]
155;12;[19,6,16,14,4,7,0]
155;11;[19,9,6,4,3,18,14]
156;18;[14,1,2,10,6,4,7]
156;2;[18,3,9,8,7,15,0]
156;6;[8,11,12,19,18,3,15]
156;1;[0,2,7,8,11,3,18]
156;0;[13,10,9,18,17,2,3]
156;11;[14,1,6,0,19,4,3]
156;4;[0,2,14,10,18,11,9]
156;10;[2,11,0,15,12,7,13]
156;19;[15,13,2,16,12,4,7]
156;15;[8,10,2,14,18,1,11]
156;8;[15,0,6,9,10,2,14]
156;7;[14,8,12,10,1,4,15]
156;12;[16,0,6,19,14,15,18]
156;16;[13,17,8,19,6,1,14]
156;14;[8,13,6,12,16,7,0]
156;13;[12,9,19,4,17,15,6]
157;13;[19,16,12,15,14,10,11]
157;14;[0,12,15,18,6,19,3]
157;0;[2,13,10,17,9,3,11]
157;15;[13,2,7,9,8,0,6]
157;7;[12,15,10,8,4,11,14]
157;6;[15,14,12,19,4,2,16]
157;12;[2,0,11,14,8,13,7]
157;2;[3,15,11,18,10,8,14]
157;10;[11,15,13,7,12,16,6]
157;1;[2,7,8,3,15,6,18]
157;16;[14,19,8,6,17,0,13]
157;8;[6,9,0,2,15,19,1]
157;11;[19,6,4,14,3,0,1]
157;19;[7,6,11,8,13,4,17]
157;18;[14,2,6,7,4,10,0]
157;4;[7,1,12,15,9,16,17]
158;18;[1,3,7,2,10,14,11]
158;0;[17,3,10,9,11,2,1]
158;2;[14,15,11,7,19,12,0]
158;4;[7,9,16,1,14,15,0]
158;8;[0,15,2,9,19,1,6]
158;13;[12,16,14,10,19,7,4]
158;12;[8,7,4,11,2,13,3]
158;6;[16,2,14,12,18,15,19]
158;10;[15,11,6,12,0,13,14]
158;11;[14,6,0,13,17,3,9]
158;14;[0,3,6,16,19,15,4]
158;19;[11,8,13,15,12,17,16]
158;16;[8,19,14,6,17,1,18]
158;7;[11,8,14,15,12,2,10]
158;15;[8,6,7,9,2,0,18]
158;1;[18,8,2,10,4,12,17]
159;10;[11,0,13,16,14,3,4]
159;0;[3,13,9,14,15,6,19]
159;1;[18,4,10,12,11,3,2]
159;8;[1,9,0,19,15,2,6]
159;6;[16,8,19,1,18,14,2]
159;15;[8,6,0,4,9,14,7]
159;4;[7,1,0,16,15,2,11]
159;18;[6,14,15,3,1,19,11]
159;12;[19,16,17,3,1,11,18]
159;2;[0,7,14,8,15,9,18]
159;19;[8,13,15,11,12,1,7]
159;16;[18,8,17,19,6,14,12]
159;13;[19,14,7,10,15,12,6]
159;14;[19,15,10,12,0,11,2]
159;7;[8,12,10,11,15,2,19]
159;11;[13,6,9,0,1,3,7]
160;16;[6,14,12,8,17,7,13]
160;2;[6,18,8,19,7,15,10]
160;13;[7,11,3,9,6,14,0]
160;4;[19,0,14,13,16,15,6]
160;19;[12,13,7,15,14,9,8]
160;0;[4,2,9,14,11,18,15]
160;18;[6,3,1,14,10,0,11]
160;8;[9,6,0,19,15,1,11]
160;14;[2,3,13,10,0,6,1]
160;1;[17,11,19,2,14,7,15]
160;6;[19,16,14,2,9,4,1]
160;10;[4,14,16,3,11,0,6]
160;7;[2,0,15,11,3,1,9]
160;12;[19,3,18,16,1,10,4]
160;11;[7,2,8,13,15,14,6]
160;15;[8,2,9,6,4,11,19]
161;4;[10,18,19,9,16,12,1]
161;19;[13,7,6,16,4,12,18]
161;12;[9,14,13,4,11,15,10]
161;18;[1,0,15,3,4,9,2]
161;11;[2,4,14,9,8,0,19]
161;13;[11,14,7,9,3,18,12]
161;15;[2,7,19,4,14,0,13]
161;2;[7,6,18,15,8,1,9]
161;7;[2,1,9,3,8,6,0]
161;6;[16,14,11,15,19,8,9]
161;14;[13,2,0,6,1,10,16]
161;10;[4,15,19,14,3,13,2]
161;1;[19,11,17,14,15,8,4]
161;16;[17,6,14,13,8,10,7]
161;0;[9,4,13,19,18,6,14]
161;8;[16,12,17,11,6,7,13]
162;1;[11,17,14,19,7,6,18]
162;12;[15,10,9,14,13,7,18]
162;0;[14,18,3,6,9,7,8]
162;16;[8,17,6,13,7,2,9]
162;7;[8,16,10,0,4,2,14]
162;6;[16,9,15,14,10,13,0]
162;10;[13,4,15,2,19,14,6]
162;14;[1,16,10,3,6,8,19]
162;11;[9,6,15,4,7,12,19]
162;8;[7,11,6,13,17,0,19]
162;18;[15,0,13,19,9,8,14]
162;13;[11,14,7,12,15,9,4]
162;4;[15,7,19,9,0,18,3]
162;15;[7,19,2,18,8,4,16]
162;2;[6,1,9,15,0,14,13]
162;19;[16,13,1,8,4,9,10]
163;16;[0,6,7,8,9,14,3]
163;0;[3,4,14,8,17,6,13]
163;13;[11,12,7,15,8,4,16]
163;11;[4,6,19,12,13,15,18]
163;1;[11,6,17,7,14,18,0]
163;12;[11,7,4,18,19,9,1]
163;6;[14,9,16,17,2,10,4]
163;4;[18,3,15,9,0,7,14]
163;14;[16,0,7,15,9,2,6]
163;10;[13,19,6,16,2,15,0]
163;15;[19,13,14,9,11,2,1]
163;2;[6,15,8,14,13,18,16]
163;8;[13,0,19,3,1,7,16]
163;7;[4,14,10,2,8,11,13]
163;18;[8,12,13,14,9,4,19]
163;19;[1,10,8,16,9,0,7]
164;19;[9,0,10,1,17,7,18]
164;0;[4,9,15,6,2,16,10]
164;1;[13,11,12,8,16,7,3]
164;15;[1,13,2,14,11,9,10]
164;11;[17,7,8,14,2,13,15]
164;16;[8,3,9,14,2,0,15]
164;10;[2,15,0,16,6,14,9]
164;2;[18,13,14,0,8,3,7]
164;14;[0,7,9,16,6,2,15]
164;4;[3,18,7,14,13,12,19]
164;12;[18,1,9,4,17,0,3]
164;13;[16,11,12,8,2,19,7]
164;7;[4,13,10,11,19,1,18]
164;18;[13,4,14,8,9,11,10]
164;6;[19,0,8,14,17,16,18]
164;8;[18,13,12,15,1,4,19]
165;18;[14,11,13,7,8,4,3]
165;0;[10,6,4,16,9,14,2]
165;6;[18,0,17,8,14,7,16]
165;19;[18,10,1,9,0,7,13]
165;14;[15,9,6,19,18,0,10]
165;11;[18,10,9,7,1,19,4]
165;2;[14,8,11,12,3,15,10]
165;15;[9,11,1,2,13,18,14]
165;12;[3,13,7,11,8,1,16]
165;8;[15,1,3,11,4,12,19]
165;13;[7,18,1,12,4,0,9]
165;4;[7,14,13,8,19,18,9]
165;7;[17,11,2,13,12,16,8]
165;10;[6,2,15,9,0,16,14]
165;1;[3,12,4,0,8,19,18]
165;16;[8,3,15,10,9,12,19]
166;4;[9,14,1,12,8,19,3]
166;7;[11,2,18,9,12,16,1]
166;13;[1,12,0,18,4,8,9]
166;8;[12,15,4,18,11,17,7]
166;12;[13,8,3,7,11,2,18]
166;2;[14,12,15,11,3,10,6]
166;10;[0,2,12,16,9,15,18]
166;18;[13,3,6,14,15,0,9]
166;1;[12,13,8,0,18,19,10]
166;11;[16,8,7,10,17,15,14]
166;6;[8,14,0,17,16,18,11]
166;15;[13,9,18,11,1,3,16]
166;16;[12,19,3,10,8,15,0]
166;19;[7,18,9,1,3,4,12]
166;0;[9,14,18,6,10,2,12]
166;14;[19,18,7,13,8,0,16]
167;19;[1,4,9,7,18,2,11]
167;1;[8,9,18,15,13,0,6]
167;18;[15,6,0,3,9,14,7]
167;2;[15,11,12,0,6,3,13]
167;7;[16,19,3,9,14,4,10]
167;10;[2,16,9,12,11,7,18]
167;4;[9,3,8,12,1,19,10]
167;16;[0,12,19,8,4,17,7]
167;12;[2,10,0,11,7,16,15]
167;6;[18,17,16,8,0,1,12]
167;11;[10,12,3,17,7,16,2]
167;0;[8,9,6,11,2,3,10]
167;15;[9,11,3,16,1,14,0]
167;14;[8,16,19,18,13,4,15]
167;13;[9,18,14,6,0,10,2]
167;8;[12,15,16,3,17,14,9]
168;11;[16,3,19,7,10,4,18]
168;1;[0,8,15,6,9,13,18]
168;18;[3,6,16,0,15,1,11]
168;6;[1,12,17,8,18,14,9]
168;8;[16,17,12,15,3,10,0]
168;10;[18,3,2,7,8,11,12]
168;13;[4,9,1,8,0,10,3]
168;14;[13,0,10,2,15,1,11]
168;15;[14,16,3,19,12,11,7]
168;16;[7,12,19,0,11,9,6]
168;7;[9,16,3,4,8,12,1]
168;4;[7,14,19,10,9,12,16]
168;19;[1,4,18,9,11,10,2]
168;12;[7,10,0,2,15,9,18]
168;0;[8,17,2,12,6,3,11]
168;2;[6,15,12,0,8,3,13]
169;18;[10,7,11,12,3,16,8]
169;1;[8,13,0,15,9,6,17]
169;14;[3,7,19,13,12,4,1]
169;11;[19,7,16,3,0,18,9]
169;19;[2,11,10,9,18,1,15]
169;13;[1,10,16,8,3,14,11]
169;7;[8,9,1,12,4,14,19]
169;0;[17,2,3,6,11,12,7]
169;16;[19,7,11,9,12,0,10]
169;4;[16,3,8,12,18,19,17]
169;10;[12,2,8,3,18,0,4]
169;6;[14,12,1,8,13,17,15]
169;15;[2,9,10,14,11,0,13]
169;8;[10,15,0,17,12,9,14]
169;2;[13,6,15,12,3,11,1]
169;12;[6,8,4,19,15,14,11]
170;19;[9,3,0,12,7,1,14]
170;11;[12,4,15,6,19,1,10]
170;16;[4,18,17,12,13,15,1]
170;14;[12,3,19,1,9,8,6]
170;13;[11,1,9,15,3,4,6]
170;1;[17,14,7,13,16,3,8]
170;15;[0,9,2,10,3,12,8]
170;12;[10,6,18,19,9,8,14]
170;18;[10,3,11,7,8,0,17]
170;0;[6,12,3,7,17,2,13]
170;8;[15,9,18,12,7,16,10]
170;2;[11,1,0,12,19,8,14]
170;6;[17,14,8,12,2,11,9]
170;7;[14,4,9,8,19,11,2]
170;4;[19,17,10,0,16,7,11]
170;10;[15,11,14,4,3,8,16]
171;2;[14,8,11,1,0,3,7]
171;7;[12,6,2,4,17,19,3]
171;4;[16,10,12,19,11,15,6]
171;10;[16,18,3,7,11,1,12]
171;11;[8,13,1,9,4,17,7]
171;6;[12,2,17,14,11,10,15]
171;14;[1,9,6,3,12,19,18]
171;0;[7,12,19,8,14,15,3]
171;19;[14,7,2,4,1,13,17]
171;15;[10,8,9,0,2,11,7]
171;12;[6,8,10,14,15,2,1]
171;16;[18,1,13,17,4,9,11]
171;18;[11,10,15,17,14,8,9]
171;1;[19,0,9,7,16,17,15]
171;8;[12,16,10,7,18,0,11]
171;13;[1,9,3,11,6,19,15]
172;18;[11,8,0,14,9,1,12]
172;19;[13,17,2,4,15,12,16]
172;16;[1,17,4,13,18,11,7]
172;7;[3,4,19,6,17,14,2]
172;8;[11,2,3,1,18,17,9]
172;14;[18,8,0,7,12,6,10]
172;1;[10,18,3,15,0,2,11]
172;0;[12,7,15,8,3,14,19]
172;12;[1,15,14,3,19,2,0]
172;4;[6,19,14,1,7,10,3]
172;6;[15,7,3,11,9,4,17]
172;11;[1,8,15,0,9,16,14]
172;15;[9,1,19,16,11,17,6]
172;13;[1,11,6,3,15,9,14]
172;10;[4,6,19,16,1,9,17]
172;2;[0,10,8,3,11,12,14]
173;6;[7,4,15,13,3,9,1]
173;7;[19,4,3,14,2,11,16]
173;2;[0,19,15,17,12,3,1]
173;18;[16,11,15,7,8,17,2]
173;12;[1,14,0,19,2,6,7]
173;10;[19,16,3,14,18,0,6]
173;11;[16,18,12,1,3,6,0]
173;4;[10,1,9,3,8,13,18]
173;19;[13,12,17,2,8,14,7]
173;0;[3,10,12,15,6,19,16]
173;1;[4,2,14,8,15,17,16]
173;13;[9,14,1,15,6,17,11]
173;14;[0,6,12,8,7,10,17]
173;16;[11,1,4,17,18,8,12]
173;15;[3,12,14,1,11,10,4]
173;8;[11,3,1,18,0,13,9]
174;1;[17,16,8,15,14,12,10]
174;10;[16,18,0,15,14,8,17]
174;15;[0,16,19,3,1,2,4]
174;12;[2,6,1,7,3,4,16]
174;14;[6,0,12,7,10,1,3]
174;18;[2,16,4,17,11,12,1]
174;6;[9,3,1,4,8,10,18]
174;0;[3,2,17,15,10,1,11]
174;13;[6,10,1,7,8,3,18]
174;2;[17,19,14,7,0,10,15]
174;7;[12,0,14,3,6,11,4]
174;11;[0,6,16,18,15,7,2]
174;19;[17,8,13,12,2,3,0]
174;16;[17,10,19,14,6,1,4]
174;4;[1,9,6,7,15,13,14]
174;8;[3,18,0,11,13,4,9]
175;10;[15,0,17,1,3,19,2]
175;12;[3,1,18,17,7,4,6]
175;18;[17,1,11,2,4,12,3]
175;4;[13,14,15,16,1,9,11]
175;0;[3,11,16,7,6,10,8]
175;1;[14,6,4,10,17,18,11]
175;8;[18,0,11,3,9,17,4]
175;14;[12,0,7,1,6,18,3]
175;6;[14,10,12,0,1,15,16]
175;16;[14,19,17,4,9,6,7]
175;7;[12,3,14,11,13,10,8]
175;19;[8,13,12,2,0,14,17]
175;2;[7,19,8,10,3,15,16]
175;11;[6,18,15,2,0,1,10]
175;13;[8,6,18,7,0,16,1]
175;15;[16,3,4,2,1,0,7]
176;6;[16,15,0,3,11,10,19]
176;15;[7,11,18,2,17,4,3]
176;18;[11,17,3,2,16,19,8]
176;4;[1,10,17,14,13,16,8]
176;16;[4,6,14,19,17,9,8]
176;0;[16,10,3,15,6,1,12]
176;10;[6,12,16,1,0,8,19]
176;1;[4,14,9,11,12,18,3]
176;14;[0,6,7,18,3,1,17]
176;12;[7,14,11,8,1,0,4]
176;8;[4,9,18,17,3,15,14]
176;11;[0,10,2,6,15,3,4]
176;2;[18,19,1,13,15,16,4]
176;19;[12,2,15,7,0,3,10]
176;13;[7,3,18,10,4,16,11]
176;7;[14,11,13,6,0,12,18]
177;1;[11,0,16,6,4,17,13]
177;19;[3,16,17,6,15,4,11]
177;2;[18,19,4,16,17,8,1]
177;0;[18,16,12,4,1,3,14]
177;4;[14,1,16,3,10,8,15]
177;7;[12,14,17,1,0,10,6]
177;13;[7,10,11,16,0,6,15]
177;8;[3,9,17,4,18,19,14]
177;12;[10,16,6,0,15,7,3]
177;6;[16,10,11,15,19,3,8]
177;15;[7,17,11,6,3,2,16]
177;18;[2,19,17,11,0,10,15]
177;16;[2,19,10,13,3,4,18]
177;11;[4,6,18,8,16,15,2]
177;10;[6,0,19,12,1,8,7]
177;14;[1,0,3,7,11,18,13]
178;0;[15,3,17,13,6,7,16]
178;10;[16,13,2,19,11,3,6]
178;6;[3,19,16,15,8,18,14]
178;11;[4,18,2,6,15,16,7]
178;13;[16,15,11,0,14,19,10]
178;14;[18,7,0,1,3,17,8]
178;15;[11,8,18,16,10,12,4]
178;19;[4,17,10,12,0,6,11]
178;1;[4,6,10,14,13,11,18]
178;2;[8,16,19,17,18,4,14]
178;16;[0,6,15,2,10,8,1]
178;7;[14,12,1,10,17,15,9]
178;4;[16,3,15,1,11,6,13]
178;18;[10,17,2,1,8,12,4]
178;8;[9,17,6,11,3,19,15]
178;12;[0,10,15,16,3,18,13]
179;4;[1,6,15,11,3,18,9]
179;2;[16,4,8,17,14,7,1]
179;10;[11,18,2,17,15,16,12]
179;1;[4,14,13,6,3,16,8]
179;14;[13,0,10,19,7,9,11]
179;19;[11,6,12,4,10,2,7]
179;18;[1,12,2,10,0,11,15]
179;0;[7,16,2,10,6,15,11]
179;13;[19,16,15,11,14,7,18]
179;15;[18,4,8,10,0,19,11]
179;8;[11,6,3,15,19,9,1]
179;7;[11,10,17,13,14,18,1]
179;12;[3,18,8,4,16,2,15]
179;11;[6,10,19,16,18,17,1]
179;16;[10,6,1,12,0,3,17]
179;6;[14,0,17,3,11,8,13]
180;18;[1,12,2,10,0,11,15]
180;0;[7,16,2,10,6,15,11]
180;19;[11,6,12,4,10,2,7]
180;16;[10,6,1,12,0,3,17]
180;13;[19,16,15,11,14,7,18]
180;7;[11,10,17,13,14,18,1]
180;8;[11,6,3,15,19,9,1]
180;6;[14,0,17,3,11,8,13]
180;12;[3,18,8,4,16,2,15]
180;4;[1,6,15,11,3,18,9]
180;5;[1,15,0,16,2,13,9]
180;11;[6,10,19,16,18,17,1]
180;9;[6,1,16,7,17,8,11]
180;14;[13,0,10,19,7,9,11]
180;17;[0,6,8,16,2,18,19]
180;1;[4,14,13,6,3,16,8]
180;15;[18,4,8,10,0,19,11]
180;2;[16,4,8,17,14,7,1]
180;10;[11,18,2,17,15,16,12]
180;3;[4,16,2,17,6,14,15]
